5.662269;23.700527;4.905013;40.587070;20.875990;23.327177;23.973616;30.265171;41.313984;35.568600;29.766491;3.629287;10.261213;13.171504;16.470976;10.143800;7.494723;5.002638;32.043537;35.568600;
11.073878;33.076519;33.766491;30.001320;34.792877;9.854881;12.062005;39.005276;42.791557;21.403694;11.026385;39.311344;15.575198;26.683378;41.667545;9.993403;1.244063;33.477573;35.064644;13.538259;
7.405013;17.381266;4.340369;39.556728;43.121372;39.122692;0.699208;34.009235;36.654354;42.821899;32.391819;39.620052;24.836412;6.580475;7.418206;5.741425;37.204487;14.463060;41.733509;14.718997;
27.521109;13.464380;26.548813;7.496042;10.699208;34.940632;6.965699;14.877309;22.850924;38.877308;6.117414;20.416887;19.281002;30.791557;25.712400;29.063324;19.777044;41.939316;24.352243;29.514511;
10.820580;17.403694;42.526386;35.333775;0.538259;24.098944;16.288918;22.484169;38.609497;1.914248;10.492085;34.782322;34.976254;32.001320;24.532982;15.547493;10.928760;42.824539;15.006597;26.036940;
11.195251;14.459103;23.139841;19.840370;8.011873;34.017151;13.893140;6.779684;20.069921;9.052771;6.262533;34.833775;42.424801;34.551453;15.218997;2.288918;10.255937;9.906332;38.984169;25.531662;
41.001320;20.262533;1.135884;34.532982;10.579156;35.398418;10.940633;13.155673;5.087071;8.216359;30.042217;31.829815;12.007915;6.757256;0.567282;19.926121;3.284961;35.258575;41.546173;24.894459;
27.926121;42.722954;39.525066;40.858841;39.910290;33.908970;12.663589;24.083113;30.145119;3.104222;12.232190;42.584435;15.303430;37.856201;32.967018;10.096306;19.989447;10.412929;36.316624;32.414249;
37.385223;25.435356;39.292877;38.176781;18.333773;4.215040;27.106859;24.737467;3.720317;6.241425;31.385223;23.472296;17.815304;14.197889;2.440633;34.430080;10.339050;5.098945;33.563324;28.959103;
26.910290;27.937994;3.803430;10.837730;31.056728;29.798153;18.567282;18.391821;32.947231;15.395779;22.865435;14.907652;34.503960;22.641161;9.712401;25.331135;13.761213;23.645119;19.899736;34.282322;
20.092348;11.905013;15.546174;3.365435;41.211082;39.245384;34.040897;41.562004;16.156992;30.961740;13.126649;5.952507;1.025066;7.328496;39.583115;36.348286;40.271767;21.175461;23.171503;4.209763;
9.737467;7.383905;23.833773;27.853561;21.741425;21.205805;17.682058;34.339050;15.651715;23.770449;27.125330;1.291557;32.105541;37.484169;5.903694;26.222956;10.437995;2.627968;15.324538;40.989445;
2.283641;28.172823;39.215038;4.887863;29.967018;22.258575;17.126650;4.974934;7.117414;0.598945;5.290237;16.362797;30.875990;15.007915;7.358839;4.729551;36.554089;6.026385;32.857521;37.346966;
31.911610;34.911610;11.853562;4.127968;31.622692;31.737467;37.295513;41.564644;1.286280;33.620052;1.567282;7.390501;12.254618;6.620053;6.510554;6.693932;8.839050;9.160950;8.251979;14.668865;
37.609497;6.667546;32.860157;34.767811;37.737469;8.811346;29.386543;4.649076;42.098946;11.982850;4.633245;24.064644;17.757256;29.303431;24.965700;30.645119;22.664907;36.639843;37.839050;16.469658;
36.860157;30.493404;6.158311;41.084435;15.306068;26.178101;5.576517;9.861478;39.435356;19.296833;42.901054;29.641161;33.774406;41.500000;23.868074;13.671504;5.465699;30.939314;17.526384;39.444592;
13.687335;37.482849;35.056728;1.765172;5.412929;7.544855;32.237469;21.410290;21.411610;14.460423;1.844327;22.043535;1.114776;6.343008;0.616095;22.187336;36.058048;23.787600;20.255938;30.444592;
41.175461;2.606860;22.679420;10.050132;39.485489;27.514511;5.718997;11.343008;29.437994;22.213720;30.430079;30.434036;25.253298;1.228232;32.992085;38.510555;17.641161;41.837730;0.788918;42.631927;
12.972296;20.682058;33.048813;17.262533;27.931398;2.637203;1.032982;42.907650;24.835093;29.598944;14.126649;15.597626;10.481530;23.864117;23.460423;41.691292;24.315304;23.569921;28.791557;17.154354;
22.656992;38.284962;41.634563;24.572559;33.195251;1.593668;16.730871;3.778364;24.523746;16.602901;28.787600;26.774406;37.840370;31.083113;42.006596;21.891821;25.581795;2.751979;24.854881;18.488127;
30.573879;37.291557;16.960423;16.498680;20.778364;3.287599;36.007915;33.386543;13.225594;8.824538;36.734829;38.040897;18.358839;33.486809;26.035620;21.534300;6.075198;14.019789;27.527704;0.757256;
29.910290;17.552771;42.827175;31.936676;18.982849;28.195251;5.465699;30.034300;22.575197;18.436676;4.420845;33.034302;27.915567;4.067282;38.266491;15.426122;6.345646;19.158312;9.209763;19.594986;
0.102902;12.415567;39.395779;12.038259;40.319260;33.750660;3.101583;16.937994;11.067283;20.701847;43.146439;20.506596;28.199209;29.075197;14.084433;25.707125;21.213720;1.307388;9.601583;10.122691;
37.960423;3.345646;3.108179;36.907650;3.654354;23.575197;24.062006;12.221636;21.695251;5.205805;22.990765;30.724274;34.225594;27.009235;26.358839;24.435356;16.402374;6.916886;36.889183;2.350924;
41.050133;10.588390;21.085752;28.419525;4.328496;20.701847;1.547493;14.850924;35.042217;32.920845;33.864117;34.608181;38.101582;25.965700;42.414249;19.651714;43.207123;23.295515;29.787600;24.288918;
25.423483;9.992085;28.940634;6.667546;4.112137;8.795514;10.172823;5.160950;37.932716;35.658310;19.881266;8.517150;14.597626;22.614777;28.267811;7.451187;20.240105;33.562004;22.324539;2.081794;
19.911610;39.373352;37.441952;20.591028;23.134565;10.233509;15.501319;9.982850;27.997362;23.926121;4.159631;0.135884;9.901055;23.984169;23.226913;12.955145;26.583113;7.178100;26.350924;31.399736;
13.861478;14.864116;18.832455;18.899736;35.361477;16.010553;24.893141;1.349604;41.960423;7.465699;8.414248;29.287600;33.877308;30.216358;2.488127;32.418205;26.972296;38.143799;33.027706;32.567284;
24.526384;9.688654;5.321900;35.518471;1.267810;22.792875;3.370713;24.606859;14.474934;35.085751;3.686016;24.977573;16.597626;40.715038;15.390501;12.907652;3.003958;43.218998;37.358841;28.193932;
26.059366;40.281002;22.857519;4.616095;17.469658;21.755938;20.579155;22.312664;30.837730;3.911609;34.087070;21.556728;24.994722;14.788918;27.923483;27.608179;16.212400;10.397098;11.472296;12.587071;
22.467018;25.741425;23.622692;11.738787;22.639841;21.612137;35.782322;9.124010;2.263852;33.749340;28.567282;37.163589;6.109499;42.096306;0.354881;5.080475;9.832454;37.051453;33.340370;3.286280;
6.498681;3.043536;2.350924;36.740105;33.761215;36.956463;3.118733;20.828497;18.732189;19.145119;4.522428;30.267811;30.939314;5.584433;17.655672;35.094986;42.254616;24.014511;21.125330;22.084433;
0.349604;10.323219;27.614777;38.234829;6.226913;37.831135;6.649076;17.183378;19.038260;19.460423;5.364116;5.914248;2.725594;29.721636;9.303430;4.166227;24.113457;37.448547;14.717678;33.932716;
6.602902;23.295515;27.323219;40.510555;32.428761;7.807388;26.701847;26.328497;33.027706;13.062005;0.349604;19.038260;19.857519;2.419525;0.106860;15.712401;41.071239;37.543537;22.372032;23.372032;
22.092348;5.552771;10.666227;35.104221;15.604221;20.042217;41.319260;18.745382;24.726913;27.506596;39.808708;16.778364;11.369393;25.474934;39.569920;2.121372;31.634565;29.127968;28.187336;20.740105;
29.543535;25.492085;3.733509;6.412929;9.083114;3.040897;21.071239;14.693932;29.386543;36.431400;29.509235;2.043536;8.154353;38.653034;16.538260;26.868074;31.759895;24.928761;42.893139;41.651714;
33.205803;25.121372;35.215038;23.245382;11.890501;13.453826;2.307388;42.773087;2.180739;29.788918;22.502638;27.968338;13.700528;39.955147;19.679420;29.813984;14.939314;11.944591;15.585752;11.381267;
10.149076;14.832454;11.395779;13.998681;21.773087;39.150394;13.240106;21.236147;28.365435;37.213718;3.102902;30.003958;16.083113;11.816623;23.953825;38.313984;20.802111;3.366755;7.620053;26.708443;
16.310026;20.015831;33.002640;31.980211;1.174142;20.240105;37.939316;1.102902;10.038259;35.642479;18.151714;42.765171;12.879948;24.682058;39.175461;29.527704;33.196571;20.651714;13.994723;32.572559;
16.366755;34.873352;42.063324;23.325857;38.510555;19.094986;8.781003;21.298153;41.279682;39.720318;19.251980;30.266491;28.734829;16.792875;19.550133;34.307388;41.408970;1.734828;6.385224;1.009235;
22.381266;0.940633;43.005276;33.712402;14.410290;16.598944;12.427441;14.868073;24.831135;3.513193;11.763852;6.345646;40.478893;24.248020;21.865435;13.860158;4.875989;41.984169;15.415567;35.532982;
23.813984;22.474934;2.304749;39.271767;6.325858;0.624011;8.205805;10.811346;1.476253;4.967019;3.930079;19.746702;5.664907;14.321899;40.890503;13.106860;25.349604;12.800792;4.997362;18.664907;
34.472294;14.849605;22.473616;35.271767;6.275725;40.051453;22.096306;33.026386;4.649076;39.039577;6.085752;32.228233;39.127968;9.645119;9.683377;35.498680;14.572559;2.001319;4.759894;41.375988;
41.597626;35.602901;24.381266;0.251979;12.208444;16.100264;28.748020;27.399736;3.616095;20.639841;5.625330;42.278362;25.610819;2.069921;41.784962;13.482850;26.022427;15.676781;37.237469;21.733509;
9.763852;18.799473;9.212401;23.382586;18.799473;1.155673;9.188654;39.894459;1.430079;14.939314;37.976254;7.299472;9.931398;41.221638;19.660950;11.094987;20.025066;39.807388;3.253298;10.911610;
27.365435;32.616096;4.399736;39.788918;17.129288;5.795515;1.868074;25.592348;29.606859;42.573879;19.890501;3.294195;4.317942;39.786282;32.956463;38.559368;14.638522;25.303431;13.199208;26.129288;
13.474934;40.211082;29.889181;23.591028;4.556728;41.000000;29.509235;30.331135;19.291557;39.267811;27.275726;1.986807;35.602901;26.364117;35.992085;4.449868;40.067284;30.176781;30.774406;0.854881;
23.919525;24.418205;10.465699;40.199207;27.791557;37.588390;21.978891;38.422165;25.769129;9.064644;35.445911;7.047493;22.982849;42.109497;11.960423;6.671504;27.638523;39.254616;8.550132;31.968338;
12.337730;18.294195;13.734829;13.299472;1.112137;7.887863;6.734828;11.926122;7.935356;42.883904;20.146439;15.777045;6.398417;22.937994;7.496042;17.969658;2.139842;41.006596;30.372032;1.197889;
41.860157;37.473614;4.554090;34.668865;14.383905;34.915565;38.618732;20.215040;28.651714;25.441952;42.455147;29.188654;13.656992;30.678101;28.203167;31.857519;16.905014;11.563325;40.457783;4.138523;
19.316622;18.345646;14.278364;34.740105;8.250660;41.775726;10.868073;34.217678;34.390503;42.370712;5.502638;9.134564;43.120052;7.784960;23.412930;27.271769;27.501320;39.663589;14.339050;15.765171;
34.077835;17.387863;2.092348;31.118734;6.667546;7.281003;29.529024;19.002638;36.849606;13.675462;2.965699;5.411610;12.039577;24.203167;37.203167;39.684696;7.998681;26.482849;21.812664;9.591029;
27.581795;40.759895;4.160950;32.354881;0.304749;18.544855;23.346966;28.775726;27.852243;40.912930;39.478893;5.662269;17.712400;18.056728;19.060686;42.837730;30.176781;15.406332;42.757256;40.094986;
5.357520;18.878628;20.792875;36.022427;22.544855;5.163589;6.228232;30.114777;17.937994;37.439316;42.919525;33.594986;26.602901;42.011875;19.646439;15.311346;4.402375;23.745382;23.492085;35.810028;
36.346966;29.977573;21.216358;19.806068;30.349604;15.555409;10.163589;22.138523;5.460422;42.653034;29.440634;5.139842;30.302111;16.965700;5.675462;25.733509;12.977572;42.375988;34.547493;23.096306;
40.907650;33.704487;34.893139;18.770449;2.038259;15.486808;24.992085;6.478892;7.251979;5.751979;1.102902;40.957783;42.819260;4.924802;19.381266;19.196569;26.872032;26.358839;23.242744;9.222955;
38.874672;40.145119;17.325857;14.622691;37.182056;26.102901;0.387863;29.940634;0.866755;7.598945;42.171505;10.029024;27.060686;2.711082;3.021108;3.290237;23.091028;23.762533;16.199209;28.666227;
37.700527;18.527704;21.246702;32.746700;6.036939;13.808707;30.312664;25.630608;39.164909;8.852242;21.030342;40.237469;32.782322;8.989446;13.894459;13.674143;28.498680;6.361477;5.828496;13.532982;
15.901055;38.721638;15.304749;43.101582;3.552770;3.485488;40.402374;21.277044;41.434036;6.477572;12.233509;35.782322;28.675461;14.715039;20.651714;38.878628;26.610819;24.977573;30.083113;35.234829;
3.195251;36.248020;10.841689;17.588390;31.395779;0.281003;6.366755;8.213720;40.526386;32.645119;24.245382;23.802111;13.467018;21.010553;6.348285;19.149076;31.312664;36.968338;25.337730;16.339050;
20.898417;39.717678;11.795514;42.529022;33.336411;18.559366;23.854881;39.778362;1.163588;13.534301;17.733509;18.465700;18.391821;37.213718;1.341689;12.547493;4.622691;28.634565;4.926121;21.725594;
13.624010;35.307388;16.006596;17.530342;4.343008;19.405014;4.212401;25.482849;32.124012;2.779683;10.395779;14.492085;23.934036;33.403694;36.554089;37.941952;8.931398;39.440632;13.517150;11.813984;
11.394459;4.565963;15.269130;6.576517;1.812665;12.010554;2.543536;5.875989;20.992085;28.963060;42.724274;8.792876;8.382586;16.300791;29.291557;33.903694;11.461741;19.139841;20.767811;37.292877;
4.773087;1.825858;6.267810;37.699207;38.686016;33.899734;1.452507;28.614777;32.936676;28.653034;16.877308;13.762533;21.472296;29.912930;24.430079;5.149076;33.973614;32.502640;25.817942;17.509235;
31.501320;29.395779;2.959103;28.025066;32.708443;5.945910;27.172823;21.597626;26.686016;12.203166;4.394459;4.098945;25.050133;33.697887;24.998680;17.412930;22.232189;7.865435;17.320580;38.709763;
0.455145;9.088390;19.298153;13.886543;7.724275;41.715038;26.693932;37.329815;13.017150;26.003958;40.650394;20.101583;42.536938;21.583113;7.940633;25.902374;41.817944;19.705805;17.302111;11.693932;
10.808707;40.569920;12.898417;22.670185;29.596306;39.891819;36.749340;10.718997;30.266491;15.172823;1.803430;23.484169;13.281003;32.007915;7.492085;19.626650;1.865435;42.091030;26.506596;14.135884;
0.547493;34.655674;17.881266;25.485489;29.410290;3.930079;30.027704;9.695251;24.705805;14.952507;8.680738;31.222956;23.236147;23.279684;40.589710;34.420845;32.060684;33.506596;13.034301;27.422163;
0.953826;35.992085;25.203167;42.222954;34.063324;4.122691;12.750660;34.370712;4.539578;39.918205;8.043535;37.065964;5.482850;42.513191;16.158312;41.437996;22.824539;24.828497;21.317942;4.237467;
4.134565;20.656992;11.663589;16.700527;5.848285;15.815304;18.287600;41.556728;36.630608;12.779683;13.179420;30.046175;14.302111;14.017150;7.866755;42.080475;15.994723;33.434036;24.488127;14.225594;
28.550133;7.596306;21.683378;9.032982;27.284960;18.766491;9.022428;28.455145;22.411610;9.734829;0.097625;8.695251;36.645119;7.700528;37.955147;30.281002;42.370712;37.184696;29.464380;20.616095;
38.042217;4.316623;11.399736;20.288918;32.794197;29.385223;22.798153;31.005278;32.500000;40.163589;33.472294;40.931400;12.395779;10.742744;11.075198;23.431398;12.729551;4.208443;14.597626;29.440634;
39.959103;20.548813;7.626649;39.796833;39.627968;18.563324;14.149076;0.373351;12.540897;26.689974;7.638523;8.930079;21.571239;19.866755;26.493404;39.026386;31.067282;39.299473;36.277046;34.503960;
17.858839;16.131926;31.815304;19.258575;36.426121;35.265171;29.295515;18.296833;28.824539;24.770449;9.124010;40.013191;12.953826;39.464378;21.664907;2.145119;7.481530;37.634563;41.114777;24.257256;
24.398417;16.849604;38.985489;18.160950;6.266491;13.084433;35.378628;36.624012;39.146439;7.716359;37.547493;9.191293;26.583113;24.758575;12.988127;22.844328;20.230871;30.600264;22.699209;35.688656;
3.434037;5.064644;13.424802;8.510554;20.733509;12.204486;42.940632;34.051453;11.602902;34.445911;4.918206;22.238787;25.226913;3.705805;16.496042;34.300793;1.724274;9.226912;16.323219;2.621372;
12.759894;35.038258;38.821899;15.700528;17.270449;28.143799;15.034301;34.811344;25.242744;39.397099;3.835092;5.535620;27.879948;27.759895;6.445910;8.907652;25.101583;20.930079;8.689974;32.009235;
27.474934;6.897098;9.127969;40.257256;17.697889;33.284962;29.047493;17.679420;8.080475;18.689974;35.407650;8.965699;6.249341;12.273088;32.046173;2.536939;25.517151;16.755938;34.126648;34.230869;
38.598946;24.600264;8.216359;5.022428;11.113457;30.980211;11.711082;24.664907;0.021108;24.872032;8.802111;39.767811;21.124010;24.486807;28.972296;33.745384;16.638523;28.679420;15.563325;32.643799;
16.015831;37.009235;30.372032;37.092350;42.886543;10.101583;32.134563;22.228231;34.237469;9.435356;24.552771;39.352242;16.360159;42.368073;7.865435;42.434036;25.547493;24.443272;10.869393;35.191292;
18.071239;33.242744;26.441952;32.175461;35.579155;12.163589;41.032982;40.539577;5.804749;6.195251;24.390501;31.416887;6.754617;1.630607;26.769129;21.155672;28.412930;19.500000;33.734829;15.175462;
16.889181;10.160950;28.412930;21.139841;13.209763;25.923483;40.997360;13.926122;4.445910;3.010554;30.143799;15.843008;34.304749;18.783642;24.511873;1.645119;17.953825;9.708444;23.240105;7.961741;
24.344328;32.121372;40.383904;27.010553;38.523746;8.056728;8.271768;20.943272;10.416886;38.199207;11.233509;25.802111;23.928761;8.051451;2.700528;32.965698;9.526385;1.705805;39.106861;6.139842;
1.310026;33.139843;10.655673;24.383905;15.928760;4.216359;32.112137;1.377309;35.593666;42.036938;41.336411;8.974934;37.100266;6.585752;28.135883;6.770449;30.405014;7.244063;3.131926;5.733509;
5.415567;27.453825;5.211082;29.630608;9.902374;20.594986;35.447231;37.691292;41.077835;2.907652;43.110817;36.816624;16.949867;36.744064;24.563324;28.063324;28.769129;19.017151;14.843008;15.682058;
16.699209;32.749340;32.724274;26.026384;21.075197;9.387863;18.432718;18.833773;21.712400;21.746702;40.953827;27.208443;42.084435;41.734829;35.982849;19.751980;6.354881;7.188654;43.116096;37.350922;
26.101583;26.246702;30.435356;11.568602;42.724274;7.329815;15.687335;33.310028;21.122692;12.960423;4.507915;3.193931;9.703166;20.273087;22.618734;37.513191;8.659631;40.622692;21.795515;42.441952;
42.303429;16.029024;23.005278;3.310026;31.568602;12.577836;17.142481;6.811346;35.374672;42.060684;29.982849;29.932718;24.682058;31.965700;1.470976;26.493404;17.302111;10.006597;15.656992;42.497360;
39.899734;29.032982;12.639842;26.575197;10.353562;28.174143;37.584435;17.777044;1.172823;20.679420;28.484169;31.166227;26.121372;26.153034;24.821899;20.845646;26.860159;7.961741;14.940633;19.022427;
23.138523;11.659631;1.671504;9.364116;22.602901;30.290237;22.802111;22.328497;42.815304;8.564644;14.224275;10.717678;14.484169;30.515831;30.510553;36.357521;4.937995;21.932718;19.076517;23.567282;
12.092348;6.394459;8.492085;42.600266;27.337730;30.094986;36.829815;32.882587;6.651715;16.159630;32.127968;15.697889;16.051451;3.721636;8.389182;8.755937;17.806068;38.204487;11.062005;0.605541;
39.021107;38.387863;2.493404;18.699209;16.105541;30.678101;29.129288;0.635884;13.521109;38.622692;39.591030;21.121372;23.824539;18.124010;41.240105;22.212400;4.213720;34.195251;7.579155;31.662270;
5.019789;32.203167;7.969657;16.944592;7.833773;4.663589;15.233509;13.932717;20.391821;36.212402;35.540897;23.645119;2.679420;33.548813;16.147757;13.430079;41.693932;6.308707;2.469657;34.757256;
3.481530;14.002639;0.059367;15.854881;30.934036;39.753300;12.965699;19.489447;35.237469;29.937994;16.658312;5.374670;24.973616;14.643800;34.377308;17.199209;25.978891;29.270449;31.881266;6.668865;
9.389182;11.576517;15.569921;41.642479;7.552771;42.941952;5.761214;24.302111;13.874670;27.414248;10.699208;12.250660;19.196569;41.887863;18.906332;9.127969;40.143799;18.691294;5.788918;15.022428;
16.527704;37.175461;15.315304;24.617414;38.451187;15.250660;10.088390;28.461740;2.064644;34.241425;26.131926;7.911610;19.215040;1.540897;23.142481;22.354881;31.488127;14.147758;9.720317;33.426121;
40.354881;41.065964;7.265172;40.356201;9.133245;28.315304;42.992085;41.480209;27.105541;38.788918;38.339050;6.965699;7.659631;17.670185;42.614777;26.244062;29.544855;6.087071;29.717678;37.064644;
31.130608;4.639842;10.366755;34.560684;9.986808;6.878628;23.522427;37.562004;42.875988;9.569921;24.530342;18.861477;24.846966;1.089710;11.807388;27.729551;41.986809;37.378628;20.529024;19.705805;
22.860159;17.737467;22.519789;11.032982;15.527704;4.782322;9.277045;29.515831;37.740105;9.199208;37.931400;3.674143;25.843008;40.361477;41.546173;13.001319;40.435356;35.112137;4.941953;3.684697;
0.650396;33.526386;4.820580;41.071239;12.915567;40.982849;23.704485;30.274406;4.077837;31.856201;30.766491;19.469658;27.373350;9.666227;22.890501;17.271769;37.565964;17.014511;0.295515;6.412929;
28.217678;10.162270;2.358839;36.204487;19.096306;10.292876;5.062005;38.481529;8.535620;14.063325;21.829815;27.626650;27.207125;32.242744;36.257256;26.778364;19.050133;41.624012;22.068602;34.998680;
31.651714;2.890501;24.618734;25.922163;9.544855;32.233509;40.519791;33.292877;18.522427;14.778364;15.552771;11.319262;21.546175;1.300792;0.055409;0.757256;34.332455;27.836412;3.807388;29.283642;
40.568600;7.996042;21.890501;17.701847;19.339050;23.547493;32.941952;28.343008;26.670185;20.329815;8.980211;3.242744;35.345646;13.226912;40.808708;20.158312;36.886543;23.391821;12.977572;41.036938;
23.381266;30.084433;13.055409;8.108179;7.226913;24.927441;1.356201;40.369392;42.306068;18.618734;12.336411;29.323219;15.592348;1.469657;19.022427;29.481531;37.296833;10.403694;40.014511;7.609499;
31.352243;1.175462;9.484169;0.369393;2.800792;24.290237;32.949867;22.455145;16.155672;14.307388;30.490765;40.007915;21.207125;36.853561;38.617413;43.060684;30.145119;0.419525;42.784962;13.038259;
4.316623;23.094986;6.552771;35.230869;40.976254;29.027704;6.862797;6.402375;2.191293;24.147757;17.505278;8.835093;40.835091;14.989446;28.360159;22.841688;41.890503;25.873350;42.468338;5.804749;
39.180740;42.899734;33.335091;4.042216;14.839050;37.375988;9.717678;28.712400;17.656992;26.827177;10.920844;10.468338;1.891821;23.626650;6.941953;39.589710;20.096306;2.278364;2.011873;39.158310;
41.819260;38.025066;13.255937;28.986807;31.782322;12.894459;6.897098;41.457783;34.883904;36.142479;25.679420;25.602901;37.035622;24.156992;27.980211;10.998681;40.889183;19.080475;18.101583;3.241425;
38.965698;37.035622;31.449867;12.234829;20.649076;30.947229;35.341690;30.927441;41.406334;12.505277;0.808707;19.852243;15.149076;10.420844;33.232189;17.755938;36.246700;39.230869;39.035622;1.345646;
27.511873;15.168865;26.711082;3.509235;39.407650;9.509234;0.630607;26.606859;40.054089;40.997360;27.179420;0.765172;2.514512;13.918206;36.878628;15.480211;36.745384;40.932716;28.480211;36.945911;
32.598946;28.056728;22.555408;31.073879;31.064644;14.548813;41.514511;7.236148;11.980211;15.399736;25.536940;38.114777;12.819262;37.856201;4.580475;30.044855;1.684697;13.911610;3.687335;34.160950;
30.034300;17.606859;1.711082;8.125330;1.823219;33.556728;25.910290;34.906334;16.881266;34.593666;10.894459;38.069920;19.988127;24.035620;23.063324;0.048813;16.080475;22.302111;3.542216;25.470976;
15.353562;42.478893;19.813984;2.329815;17.624010;34.558048;6.117414;18.762533;21.101583;15.844327;26.060686;34.514511;19.069921;21.447229;37.494724;8.106860;12.881267;5.873351;20.212400;16.315304;
4.763852;21.315304;8.474934;10.667546;42.042217;25.529024;24.337730;1.259894;16.939314;33.945911;15.787599;9.988127;28.432718;12.151715;11.788918;21.496042;16.059366;7.225594;36.271767;8.848285;
34.133244;0.542216;36.391819;2.854881;5.948549;23.737467;15.534301;22.672823;23.837730;20.461740;21.187336;9.535620;34.639843;38.846966;5.230871;13.515831;19.700527;21.147757;28.118734;40.290237;
27.699209;34.883904;3.158311;23.956465;2.216359;39.003960;14.346966;24.530342;16.027704;29.412930;14.883905;35.436676;32.642479;3.222955;26.290237;18.390501;23.229551;24.064644;34.329815;26.505278;
34.996040;0.750660;9.976254;38.724274;1.612137;23.622692;29.754618;14.875990;15.749340;6.261214;15.883905;10.593668;32.960423;38.889183;21.602901;40.030342;29.548813;28.226913;20.112137;1.142480;
15.978891;30.120052;36.065964;43.150394;20.650396;22.631926;10.332454;4.974934;7.558047;7.158311;20.816622;33.460423;15.592348;6.616095;33.912930;15.914248;7.474934;26.902374;25.529024;22.192612;
18.674143;26.217678;35.307388;39.339050;7.870712;1.645119;41.960423;26.808706;42.515831;21.457783;1.443272;1.835092;4.906332;9.949868;22.360159;15.790237;14.336411;21.038260;26.058048;33.709763;
15.807388;29.345646;32.967018;10.114776;33.480209;18.224274;33.610817;0.386544;14.877309;41.860157;23.845646;38.849606;29.120052;3.435356;27.339050;11.875990;4.576517;36.891819;36.419525;35.302113;
28.587070;23.857519;40.122692;8.211082;5.572559;41.102901;27.350924;19.560686;42.038258;10.695251;4.286280;20.341688;8.940633;2.405013;0.418206;5.447229;38.978893;22.500000;15.877309;25.755938;
20.241425;3.575198;14.118733;20.955145;16.656992;40.002640;42.353561;4.036939;22.540897;27.364117;21.751980;26.006596;30.625330;4.112137;24.753298;19.436676;31.288918;8.001319;19.511873;30.156992;
14.564644;10.610818;28.489447;27.869392;24.918205;39.402374;27.075197;21.159630;37.800793;13.121372;10.484169;13.510554;10.532982;5.188654;30.344328;7.019789;6.246702;28.618734;24.001320;22.753298;
8.536940;13.853562;16.077837;41.821899;17.187336;24.121372;39.819260;9.011873;42.676781;39.583115;11.899736;19.217678;27.796833;3.316623;32.186016;7.162269;5.790237;22.394459;2.044855;11.668865;
4.581794;33.749340;26.940634;32.390503;6.490765;38.521107;21.408972;31.502638;35.009235;41.650394;25.358839;6.064644;29.573879;22.291557;38.870712;35.141159;12.222955;22.850924;19.854881;11.225594;
34.130608;33.782322;18.920845;40.792877;16.860159;21.331135;15.092348;13.112137;13.835093;34.728233;31.934036;13.795514;12.580475;5.114776;11.263852;39.006596;19.397099;37.303429;24.007915;38.352242;
22.530342;28.534300;36.010555;39.258575;13.514512;20.519789;24.493404;40.761215;8.606860;32.478893;8.816623;34.700527;33.821899;3.356200;13.101583;15.188654;15.497361;17.467018;43.117413;31.713720;
15.416886;15.201847;8.554090;17.083113;17.521109;27.616095;18.894459;7.532981;7.849604;6.864116;32.960423;10.691293;30.248020;31.919525;25.275726;9.035620;8.453826;4.748021;38.350922;2.964380;
11.373351;5.481530;30.399736;19.163588;17.232189;32.664909;11.550132;31.573879;26.375990;37.750660;32.220318;23.295515;10.672823;17.437994;41.213718;7.018470;30.517151;35.492085;41.778362;16.166227;
7.444591;24.134565;1.204486;14.050132;2.064644;14.750660;28.667545;35.807388;9.802111;42.788918;17.509235;34.903694;37.713718;30.777044;1.575198;8.360158;36.846966;18.288918;32.728233;2.151715;
21.097626;5.274406;7.783641;8.974934;33.511875;36.972294;24.424803;8.267810;31.610819;12.964380;8.370712;30.973616;1.096306;21.492085;12.720317;23.448549;23.734829;33.186016;18.207125;41.399734;
3.509235;14.671504;30.072559;29.527704;30.522427;31.120052;35.196571;20.369392;6.006596;14.865436;9.982850;7.988127;26.647757;22.803431;18.154354;27.434036;21.931398;11.253298;26.965700;41.441952;
13.001319;37.468338;43.009235;35.587070;5.492085;2.916887;23.149076;9.850924;20.248020;20.448549;32.113457;8.431398;9.303430;1.716359;15.808707;5.423483;31.307388;22.478891;7.708443;4.373351;
1.513193;18.945910;7.708443;39.634563;38.940632;26.937994;4.957784;5.225594;34.158310;35.782322;32.513191;36.641159;22.279684;20.274406;33.618732;31.196569;27.860159;0.757256;32.711082;26.629288;
15.216359;2.977572;1.877309;23.539577;37.451187;27.153034;2.298153;20.352243;7.277045;27.575197;34.666225;13.576517;4.253298;12.216359;5.183377;40.365437;22.823219;4.265172;19.245382;16.154354;
32.501320;18.286280;26.088390;6.372032;32.733509;9.098945;20.779684;36.559368;22.742744;32.500000;42.980209;36.645119;1.176781;13.965699;11.646438;18.006596;2.308707;12.890501;18.465700;41.564644;
24.257256;32.658310;38.445911;32.283642;28.886543;4.736148;26.274406;35.857521;41.755936;34.584435;5.344327;21.898417;13.046174;24.548813;37.295513;2.319261;29.806068;15.183377;24.810026;1.531662;
21.688654;14.316623;13.649076;41.932716;26.055408;6.901055;38.846966;27.135883;24.919525;38.899734;8.135884;32.258575;30.543535;30.730871;7.616095;19.134565;37.386543;34.932716;9.733509;4.507915;
41.670185;31.531662;17.005278;1.699208;5.650396;19.034300;10.633245;28.882586;11.102902;13.290237;2.532982;23.222956;3.556728;20.431398;35.452507;40.480209;20.248020;28.485489;40.639843;17.335093;
0.724274;40.597626;2.936676;38.039577;29.820580;21.550133;40.172825;36.786282;25.501320;39.912930;25.354881;7.117414;23.885223;1.955145;1.258575;38.816624;30.715040;37.806068;21.633245;43.182056;
29.616095;28.168865;20.195251;0.154354;24.208443;23.753298;27.555408;26.215040;12.767810;2.485488;40.379948;15.802111;31.853561;25.003958;35.849606;13.998681;37.927441;11.627969;40.928761;35.774406;
22.748020;28.386543;14.597626;13.976254;1.878628;2.691293;14.556728;17.927441;12.726912;15.606860;17.497362;41.510555;20.807388;4.866755;37.323219;21.328497;0.364116;25.559366;40.164909;32.248020;
1.556728;32.344326;41.159630;24.064644;38.067284;27.506596;11.519789;40.864117;39.635883;14.229551;24.120052;27.423483;5.961741;37.427441;6.724275;34.551453;1.286280;10.866755;6.631926;14.184696;
39.630608;2.010554;33.229553;16.113457;18.757256;24.869392;36.406334;20.393141;12.201847;12.266491;38.377308;1.174142;39.944592;12.106860;25.808706;17.988127;16.124010;25.402374;8.860158;22.394459;
31.875990;6.149076;26.949867;40.617413;28.980211;2.794195;32.354881;31.029024;16.672823;10.366755;36.639843;33.849606;17.001320;31.729551;18.733509;41.639843;26.470976;3.502639;22.902374;35.013191;
0.755937;41.889183;31.872032;1.225594;20.501320;15.494723;0.121372;34.225594;39.786282;24.361477;21.674143;31.211082;23.732189;14.159631;23.129288;35.348286;6.492085;18.302111;36.998680;4.769129;
11.531662;35.059368;13.782322;14.283641;13.870712;38.156994;11.716359;15.765171;15.887863;35.763851;25.232189;33.963062;27.292875;27.895779;31.678101;10.124010;20.874670;36.522427;36.087070;40.535622;
0.441952;15.188654;1.889182;6.195251;36.452507;28.563324;9.333773;32.397099;16.653034;33.217678;10.745382;39.540897;4.745383;39.106861;43.146439;40.096306;3.360158;26.284960;8.009234;5.035620;
14.329815;7.257256;8.325857;3.571240;13.934037;41.812664;6.944591;1.535620;1.178100;32.733509;12.511873;22.234829;39.399734;17.062006;32.469658;11.865436;16.978891;3.184697;5.203166;26.874670;
41.699207;25.175461;31.493404;42.138523;27.350924;26.659630;36.639843;40.546173;35.588390;29.473616;4.795515;28.712400;18.052771;26.489447;3.307388;34.193932;3.034301;10.613457;14.633245;31.535620;
20.146439;11.650395;4.087071;25.436676;29.135883;34.298153;24.815304;22.225594;10.875990;28.295515;10.116095;31.459103;11.180738;0.183377;5.575198;1.767810;36.088390;8.617414;15.588390;5.679420;
21.534300;22.997362;0.608179;15.542216;35.467018;35.802113;21.035620;17.597626;27.488127;19.332455;26.594986;22.453825;18.984169;30.783642;22.011873;27.354881;5.584433;13.124010;21.362797;7.228232;
32.633244;27.998680;3.186016;33.158310;18.113457;35.843006;13.593668;33.267811;43.085751;2.638522;24.291557;29.565964;35.634563;10.494723;38.559368;19.912930;0.682058;27.525066;8.878628;36.030342;
24.278364;8.457784;16.034300;22.261213;37.509235;24.708443;13.990766;22.763853;38.456463;14.593668;22.672823;19.233509;22.439314;19.614777;29.720316;36.539577;16.364117;21.981531;7.812665;31.274406;
29.395779;33.134563;0.319261;7.687335;13.182058;23.977573;33.426121;5.696570;32.887863;0.737467;23.626650;16.385223;7.390501;33.300793;0.733509;31.643799;41.244064;21.213720;37.151714;24.001320;
15.088390;41.674141;30.655672;20.087070;19.104221;27.217678;28.304749;20.507915;36.803429;6.481530;28.304749;16.064644;31.464380;1.583113;33.898418;26.006596;9.701847;37.365437;31.022427;19.174143;
4.051451;4.506596;15.349605;32.803429;24.579155;4.627968;43.058048;4.002638;7.864116;11.613457;41.901054;17.737467;29.503958;39.242744;5.341689;10.812665;30.362797;38.406334;3.721636;24.755938;
14.386543;22.369392;30.036940;3.860158;11.432717;32.362797;22.075197;15.131927;28.032982;9.721636;35.286282;16.112137;14.447229;8.192612;0.310026;4.071240;27.687336;34.492085;33.804749;18.379948;
13.667546;37.204487;1.613456;8.205805;36.587070;23.770449;37.803429;31.612137;32.879948;4.304749;26.947229;20.081795;4.300792;1.346966;12.554090;6.827177;30.059366;40.461742;14.548813;9.688654;
18.328497;14.932717;8.274406;34.684696;3.589710;31.143799;17.738787;39.456463;2.331135;3.937995;38.038258;20.072559;17.418205;16.352243;42.312664;17.199209;24.989447;40.105541;4.313984;32.171505;
15.478891;12.478891;19.003958;38.071239;9.047493;33.179420;19.984169;33.084435;30.576517;34.080475;40.753300;18.639841;7.744063;25.569921;43.085751;22.555408;9.610818;12.998681;0.142480;6.408971;
11.126649;38.527706;35.717678;36.786282;33.269131;3.864116;10.383905;40.844326;17.141161;31.771769;41.877308;1.358839;22.370712;27.564644;10.341689;41.419525;21.671503;19.848286;11.344327;0.234829;
11.600264;28.174143;23.401056;25.278364;13.978891;42.572559;18.021109;9.790237;39.571239;29.843008;32.680740;6.089710;20.774406;32.813984;8.150395;5.712401;1.072559;18.072559;34.556728;6.372032;
26.011873;13.891821;29.468338;10.445910;23.465700;20.947229;11.143800;10.375990;25.761213;21.395779;33.464378;37.978893;27.135883;1.222955;37.861477;30.457783;2.046174;8.790237;28.878628;22.407652;
26.230871;34.827175;7.332454;27.534300;31.751980;39.410290;24.456465;32.908970;2.527704;40.835091;7.146438;31.489447;11.885224;29.960423;20.333773;40.191292;0.833773;13.998681;11.332454;29.217678;
38.679420;39.777046;4.835093;12.584433;13.658311;24.920845;9.544855;9.365436;13.963060;25.130608;43.121372;39.141159;0.967018;31.085752;11.963060;34.108181;35.076519;9.610818;25.415567;4.234828;
1.803430;17.532982;16.356201;35.324539;12.051451;22.151714;25.839050;24.072559;35.158310;34.848286;23.794195;26.861477;25.098944;18.853561;18.215040;2.415567;6.259894;4.796834;16.523746;41.209763;
39.056728;4.721636;29.560686;34.670185;7.316623;28.507915;27.708443;6.740106;12.310026;9.532982;39.620052;17.639841;18.456465;29.994722;0.430079;41.018471;11.110818;4.238786;15.473615;21.203167;
3.137203;31.916887;41.150394;36.246700;26.699209;17.315304;38.027706;38.554089;8.961741;26.055408;30.141161;6.614776;13.972296;18.751980;1.591029;22.852243;14.511873;0.506596;15.448549;30.379948;
22.017151;3.982850;10.551451;37.337730;40.972294;37.109497;7.043536;2.821900;27.437994;18.364117;3.306069;0.186016;9.774406;3.609499;35.759895;21.416887;32.473614;35.765171;30.044855;18.341688;
37.943272;7.736148;1.478892;19.911610;38.816624;37.089710;17.184696;13.492085;3.948549;13.711082;2.251979;34.622692;26.846966;29.360159;12.733509;23.486807;26.765171;4.525066;20.375990;22.232189;
26.721636;5.349604;4.754617;12.027704;42.539577;41.547493;2.949868;7.204485;21.955145;16.715040;4.621372;7.982850;35.084435;5.321900;34.274406;40.076519;31.317942;14.742744;5.978892;12.343008;
12.405013;11.815304;38.155674;9.852242;23.221636;20.745382;35.580475;18.650396;31.866755;34.329815;4.343008;2.163588;8.423483;20.849604;36.591030;17.224274;14.606860;27.957783;4.236148;36.005276;
8.455145;17.505278;16.689974;26.401056;40.878628;37.820580;39.081795;0.419525;29.441952;21.547493;28.649076;21.102901;2.364116;31.726913;23.245382;7.246702;41.336411;28.050133;26.626650;18.110819;
38.009235;19.222956;32.282322;36.006596;5.778364;19.193932;30.476254;15.449868;24.221636;24.740105;37.649078;38.089710;39.054089;37.385223;36.077835;2.009235;21.522427;1.304749;35.878628;24.728231;
18.464380;26.019789;17.531662;37.418205;34.920845;30.649076;10.259894;9.084433;15.470976;43.094986;21.218998;13.097626;39.079155;31.571239;27.585752;18.572559;42.564644;26.315304;5.883905;2.323219;
8.874670;14.088390;37.717678;4.517150;21.687336;17.517151;33.960423;32.083115;41.829815;14.751979;24.381266;38.205803;17.434036;25.048813;36.003960;11.653034;10.415567;15.767810;31.672823;15.207124;
0.137203;42.840370;12.823219;34.018471;41.125328;20.811346;23.063324;35.145119;3.416887;10.054090;26.865435;12.641161;4.670185;28.184696;5.174142;30.369392;27.755938;13.891821;26.096306;36.930080;
5.850924;30.976254;27.269129;26.848286;35.947231;0.658311;19.108179;19.808706;14.261213;1.026385;13.237467;43.018471;40.391819;32.614777;39.488125;20.766491;19.125330;29.592348;31.265171;15.658311;
22.886543;9.853562;29.137203;33.919525;16.641161;19.501320;6.939314;12.142480;32.741425;24.406332;29.593668;19.259895;2.717678;9.540897;3.730871;37.439316;30.910290;6.474934;32.919525;4.143799;
14.340369;7.122691;33.358841;41.026386;42.142479;2.890501;10.922164;38.872032;3.440633;20.858839;1.245383;37.292877;9.924802;7.062005;36.224274;6.389182;18.753298;33.728233;3.213720;36.813984;
2.670185;32.100266;19.680738;20.964380;4.026385;3.230871;22.378628;4.642480;36.233509;38.034302;15.183377;32.550133;33.927441;18.274406;20.492085;18.527704;31.534300;15.733509;11.105541;20.125330;
36.596306;7.539578;34.713718;21.874670;36.944592;11.401055;29.771769;39.147758;40.356201;36.849606;20.395779;36.002640;23.800791;5.155673;16.168865;36.649078;36.766491;28.350924;1.870712;10.364116;
33.141159;32.781002;34.678101;39.183376;21.992085;25.461740;12.514512;2.382586;25.250660;31.894459;38.908970;21.949867;0.353562;9.316623;40.200527;38.481529;37.209763;17.730871;36.007915;21.092348;
36.500000;1.602902;21.383905;2.121372;0.017150;26.577837;40.217678;13.639842;10.393140;21.501320;13.521109;24.390501;36.630608;42.990765;31.846966;40.601582;26.122692;26.414248;27.042217;37.014511;
30.523746;40.492085;8.093668;11.258575;4.781003;9.399736;35.655674;0.832454;20.992085;6.051451;39.279682;9.986808;17.622692;37.172825;35.278362;31.601583;41.894459;34.828495;27.881266;24.895779;
19.437994;12.498681;21.922163;34.065964;9.013192;19.620052;34.944592;6.083114;19.606859;25.616095;18.195251;11.488127;1.894459;15.783641;6.691293;37.370712;42.415565;40.981529;18.767811;13.127969;
32.332455;27.960423;25.287600;16.310026;6.320580;0.116095;27.683378;22.290237;34.403694;39.963062;3.022428;9.635884;40.906334;37.912930;14.630607;1.068602;32.832455;28.449867;30.345646;30.538260;
31.120052;34.308708;6.292876;5.349604;14.141161;3.629287;37.627968;15.865436;31.497362;14.320580;10.192612;24.213720;19.356201;33.740105;24.310026;3.261214;37.348286;13.125330;30.398417;19.284960;
25.977573;37.179420;34.083115;32.716358;20.728231;11.379948;2.167546;34.328495;8.258575;33.944592;5.774406;31.912930;15.038259;27.257256;34.613457;29.249340;2.893140;35.023746;18.715040;31.184696;
32.109497;19.348286;10.319262;0.493404;7.195251;2.036939;24.749340;16.441952;27.931398;32.728233;11.726912;42.017151;12.364116;6.817942;17.939314;25.249340;3.452507;26.207125;18.022427;0.957784;
42.149078;28.940634;36.766491;10.551451;24.350924;29.211082;39.718998;24.937994;24.011873;39.646439;42.040897;34.031662;30.035620;23.060686;42.506596;12.398417;11.521109;26.329815;16.356201;10.947229;
37.138523;22.205805;6.174142;41.018471;23.080475;0.812665;25.737467;0.754617;2.556728;9.542216;32.188656;1.781003;15.761213;34.638523;27.292875;5.981530;37.750660;28.443272;24.364117;38.188656;
37.447231;18.774406;28.120052;14.283641;23.217678;42.441952;23.383905;18.225594;38.550133;12.317942;33.464378;24.275726;6.511873;38.056728;27.974934;27.613457;34.961742;13.013192;0.284960;11.928760;
0.447230;24.970976;37.627968;25.492085;17.043535;14.154353;12.358839;10.444591;2.858839;19.985489;14.269130;2.647757;36.918205;2.052770;28.509235;0.996042;21.755938;14.766491;22.241425;37.069920;
41.812664;23.757256;25.298153;3.412929;19.440634;13.840369;27.874670;30.689974;15.386543;22.403694;15.427441;20.957783;34.919525;13.149076;7.036939;35.122692;38.025066;2.197889;28.323219;12.130607;
9.139842;5.618733;14.887863;42.443272;6.688654;4.270449;9.658311;19.171503;4.680739;13.755937;1.643799;19.125330;8.612137;23.088390;28.890501;20.981531;41.779682;19.563324;22.811346;10.236148;
8.732190;36.341690;16.675461;29.201847;26.234829;7.944591;22.535620;11.263852;18.054090;18.621372;26.437994;38.407650;28.531662;37.112137;11.416886;39.885223;8.025066;25.350924;25.825857;3.302111;
6.406332;33.424801;33.580475;18.609499;3.254617;1.116095;39.398418;15.862797;8.317942;2.296834;9.461741;30.262533;6.695251;4.092348;37.346966;33.969658;36.505276;6.749341;16.292875;38.525066;
16.705805;25.189974;2.532982;26.129288;1.901055;0.069921;12.011873;24.536940;6.278364;7.131926;2.931398;13.513192;30.279684;31.316622;40.085751;20.840370;37.360157;20.248020;10.097626;9.345647;
38.915565;2.325857;7.465699;42.654354;34.741425;32.982849;25.654354;28.518469;10.311346;13.713720;29.905014;2.935356;40.874672;12.034301;40.250660;37.786282;11.959103;2.997361;4.567282;0.290237;
0.573879;6.278364;41.166225;19.419525;5.346966;14.953826;9.395779;28.699209;26.633245;41.571239;25.306068;18.662270;6.218997;23.459103;16.201847;16.856201;22.420845;42.556728;17.618734;2.050132;
34.081795;39.737469;41.468338;24.230871;1.535620;40.883904;8.435356;2.129287;23.886543;31.469658;43.175461;31.835093;23.806068;21.365435;25.922163;29.813984;2.497361;41.848286;39.164909;19.399736;
7.011873;11.312665;41.001320;13.769130;11.175462;33.034302;14.782322;26.335093;19.519789;23.960423;7.381267;26.175461;33.481529;16.019789;8.823219;23.559366;16.356201;28.922163;36.658310;16.771769;
15.026385;34.581795;31.969658;28.497362;12.957784;36.108181;16.862797;6.204485;18.324539;3.341689;33.869392;30.948549;4.973615;33.755936;14.514512;3.791557;37.207123;5.138523;5.287599;32.432716;
23.134565;39.937996;33.664909;38.759895;32.798153;10.201847;42.457783;26.094986;20.627968;8.159631;39.696571;2.357520;18.105541;11.416886;27.745382;3.630607;25.244062;19.360159;31.770449;35.736149;
18.345646;13.686016;7.407652;32.452507;37.543537;25.410290;34.215038;37.038258;36.660950;7.076517;12.762533;14.050132;20.906332;8.684696;6.857520;16.850924;25.242744;10.220317;16.451187;31.340370;
26.649076;38.976254;20.134565;5.166227;34.781002;11.040897;23.796833;31.375990;21.960423;11.576517;3.321900;28.584433;23.470976;20.964380;39.874672;10.581794;25.831135;17.608179;16.903694;28.072559;
17.273087;26.447229;41.986809;10.881267;34.249340;6.453826;11.609499;19.898417;16.189974;10.765171;0.767810;13.133245;37.257256;37.201847;25.139841;24.196569;35.638523;2.815303;36.391819;30.519789;
41.410290;38.350922;38.461742;20.558048;23.534300;23.244062;18.186016;12.799472;11.174143;26.825857;10.423483;17.096306;42.167545;14.373351;34.248020;36.952507;31.891821;8.178101;4.241425;16.843008;
23.168865;13.283641;1.877309;6.098945;2.605541;33.498680;16.770449;11.162270;3.422163;6.084433;18.298153;23.870712;25.976254;23.957783;29.336412;0.184697;20.532982;25.349604;25.135883;17.668865;
25.459103;11.448549;20.736147;40.255936;13.708444;15.195251;40.261215;37.394459;16.335093;17.162270;28.875990;15.799472;32.638523;25.977573;5.984169;19.201847;36.308708;0.434037;1.663588;0.186016;
19.493404;3.721636;31.711082;8.567283;38.278362;7.500000;42.362797;38.399734;28.618734;38.860157;36.798153;21.316622;4.651715;1.459103;11.927441;43.187336;19.336412;36.773087;4.011873;18.126650;
23.853561;21.849604;1.306069;20.831135;43.215038;20.568602;22.259895;35.730869;26.378628;25.407652;31.038260;21.335093;4.453826;28.579155;32.104221;42.540897;1.786280;13.218997;15.621372;29.164907;
30.873350;38.874672;8.984169;37.432716;4.955145;11.982850;35.890503;10.703166;28.961740;7.266491;22.147757;2.633245;38.035622;39.052769;11.587071;31.949867;22.447229;18.770449;39.614777;13.313984;
24.284960;8.038259;27.777044;14.166227;20.751980;33.808708;41.145119;28.366755;3.436676;7.269129;18.230871;35.308708;22.536940;7.254617;6.927441;10.807388;29.882586;0.055409;16.183378;10.023746;
24.653034;34.506596;41.357521;31.956465;33.014511;27.494722;21.439314;1.881266;36.497360;5.816623;26.688654;13.596306;28.815304;6.006596;2.571240;0.642480;13.306068;22.544855;17.006596;15.872031;
34.246700;27.402374;34.201847;29.147757;11.007915;19.068602;32.372032;33.482849;30.262533;37.536938;7.402375;17.854881;0.638522;16.931398;31.298153;35.017151;16.692612;17.496042;37.166225;8.993403;
33.998680;16.924803;18.324539;29.327177;29.300791;18.898417;10.691293;41.905014;25.653034;4.675462;27.288918;29.215040;32.548813;10.051451;5.663589;22.176781;15.843008;26.456465;23.562006;42.145119;
33.926121;8.511873;22.263853;6.852243;6.530343;32.650394;27.823219;1.525066;30.749340;24.521109;23.186016;41.134563;18.973616;7.610818;29.094986;27.589710;5.612137;31.444592;22.302111;22.121372;
27.025066;40.076519;32.866756;23.654354;13.678101;6.477572;5.791557;21.835093;25.527704;31.536940;28.172823;34.273087;16.018469;41.584435;31.606859;32.073879;17.643799;36.841690;3.291557;25.208443;
20.948549;5.939314;31.733509;38.877308;7.598945;26.602901;10.081794;36.255936;14.626649;13.510554;8.918206;37.555408;42.046173;22.455145;17.583113;15.245382;26.742744;9.850924;22.646439;31.511873;
40.705803;43.187336;30.383905;24.905014;28.687336;34.346966;7.622691;14.841689;21.452507;34.667545;39.485489;1.215040;10.052771;33.952507;29.932718;25.196569;28.213720;42.924801;21.792875;14.302111;
17.306068;6.564644;29.861477;7.501319;21.039577;25.195251;31.474934;37.601582;24.935356;41.715038;2.414248;7.311346;30.951187;33.807388;37.340370;3.414248;28.164907;42.449867;10.311346;2.110818;
17.584433;38.039577;25.007915;15.170185;11.373351;36.211082;29.488127;19.015831;34.854881;32.354881;18.011873;24.726913;8.382586;37.212402;16.122692;20.116095;12.941953;41.974934;17.854881;12.211082;
38.451187;22.288918;22.317942;30.974934;21.221636;25.784960;35.920845;19.963060;4.456464;20.226913;14.563325;36.781002;17.831135;22.402374;1.113456;40.569920;28.761213;11.968338;0.224274;35.207123;
36.948547;20.654354;18.716358;18.399736;16.361477;30.744062;29.725594;29.816622;35.624012;29.996042;29.461740;7.813984;1.569921;29.853561;31.244062;7.273087;5.407652;5.027705;35.976254;12.588390;
24.569921;36.839050;39.852242;28.015831;2.908971;13.179420;32.025066;25.248020;13.381267;32.071239;43.006596;41.357521;12.845647;40.341690;23.622692;6.982850;17.065964;27.273087;4.360158;30.197889;
32.651714;39.678101;12.312665;24.250660;12.032982;41.368073;22.662270;9.843008;32.787598;7.432718;27.087070;23.348286;16.368074;16.897099;20.542217;10.610818;8.922164;42.548813;32.010555;21.056728;
36.634563;22.821899;0.675462;1.002639;39.518471;1.001319;12.180738;19.701847;20.088390;8.827177;4.753298;10.799472;2.980211;41.730869;21.848286;35.696571;28.437994;18.935356;34.616096;21.807388;
35.105541;32.415565;21.803431;25.405014;27.947229;43.073879;22.035620;15.311346;40.907650;19.757256;24.765171;10.948549;30.773087;25.349604;20.027704;3.315303;33.179420;35.114777;30.038260;16.882586;
25.565964;29.031662;10.526385;0.339050;0.951187;13.622691;6.784960;33.885223;43.151714;39.481529;20.048813;22.237467;42.728233;42.924801;12.408971;9.480211;11.484169;10.258575;24.627968;25.577837;
29.597626;33.722954;13.718997;38.672825;5.052771;22.693932;33.062004;3.724274;8.655673;22.548813;16.117414;19.643799;24.179420;40.192612;2.649076;23.482849;6.609499;26.034300;25.266491;28.117414;
39.089710;35.389183;19.707125;29.382586;11.716359;8.658311;14.154353;27.088390;39.391819;14.631927;9.967018;20.819262;4.343008;7.200528;25.266491;35.848286;2.502639;26.263853;16.360159;40.065964;
36.162270;22.837730;18.767811;23.436676;40.382587;22.984169;6.674142;14.381267;12.154353;26.712400;28.711082;2.023747;32.935356;10.634564;32.461742;14.205805;39.982849;35.757256;22.029024;17.618734;
1.708443;7.824538;4.279684;19.622692;6.653034;42.617413;22.311346;38.117413;13.465699;32.606861;34.311344;16.436676;25.158312;15.811346;22.844328;41.275726;2.713720;29.683378;6.273087;32.827175;
21.944592;13.386543;34.734829;0.023747;31.920845;40.795513;15.306068;30.083113;21.447229;20.972296;10.753298;24.478891;38.390503;13.065963;35.142479;36.518471;3.736148;33.006596;33.949867;12.221636;
18.828497;23.412930;22.969658;5.795515;26.945910;31.286280;36.166225;17.275726;3.172823;11.242744;29.700527;4.864116;9.267810;33.773087;40.688656;40.874672;33.816624;13.674143;13.042216;39.870712;
35.106861;40.726913;21.245382;22.180738;20.560686;38.725594;1.796834;38.761215;18.188654;7.846966;25.787600;28.928761;33.250660;8.740106;6.196570;33.820580;18.527704;19.373350;3.062005;42.804749;
37.844326;33.447231;20.101583;25.407652;2.799472;12.654353;23.658312;31.204485;26.941952;18.354881;28.592348;2.378628;42.428761;5.275725;30.931398;2.799472;26.036940;35.081795;20.980211;32.774406;
41.535622;3.370713;29.622692;3.647757;18.705805;27.015831;9.207124;35.679420;32.294197;23.397099;20.511873;10.641161;6.897098;17.531662;8.430079;12.398417;0.143799;11.251979;26.927441;24.889181;
33.385223;42.608181;23.002638;2.048813;17.038260;4.554090;40.200527;19.199209;36.717678;24.014511;37.865437;20.935356;34.230869;19.335093;13.762533;42.266491;14.171504;15.348285;15.336411;28.941952;
26.335093;6.976254;35.546173;4.048813;17.191294;42.787598;26.993404;9.414248;11.064644;11.085752;30.283642;6.912929;22.550133;16.109499;1.897098;32.813984;31.178101;5.556728;29.182058;12.118733;
25.046175;12.542216;42.204487;1.564644;12.117414;19.022427;12.707124;8.858839;5.935356;25.672823;9.269130;27.131926;14.127969;26.947229;18.158312;37.391819;36.443272;0.732190;22.988127;12.751979;
14.250660;0.432718;36.482849;23.047493;40.841690;26.596306;15.482850;41.321899;39.560684;25.267811;0.964380;26.317942;40.467018;36.052769;25.098944;12.160950;3.192612;15.697889;40.695251;1.208443;
14.063325;8.609499;20.273087;39.712402;21.308706;17.207125;4.539578;12.906332;22.908972;27.394459;31.423483;14.653034;0.552770;17.548813;28.014511;6.940633;38.753300;17.254618;28.857519;13.398417;
9.056728;0.961741;24.837730;37.660950;36.513191;28.614777;22.232189;42.941952;4.386544;29.385223;5.241425;4.973615;5.930079;29.601583;35.734829;28.870712;42.441952;4.870712;10.616095;23.310026;
11.852242;27.799473;2.197889;3.308707;16.209763;20.989447;10.336411;39.488125;0.547493;2.873351;8.468338;17.275726;5.154354;6.360158;20.137203;39.571239;0.486807;39.124012;27.410290;36.840370;
24.787600;0.398417;9.742744;23.372032;25.918205;9.547493;1.164908;39.196571;41.021107;23.806068;32.048813;5.964380;29.075197;21.799473;16.251980;6.083114;33.155674;19.294195;11.869393;3.001319;
30.720316;26.605541;8.573878;30.675461;19.040897;35.477573;15.622691;43.036938;39.923481;15.159631;35.788918;19.196569;42.408970;5.498681;7.646438;33.955147;22.489447;27.401056;36.340370;24.769129;
35.927441;28.175461;1.006596;2.251979;4.469657;14.385224;26.187336;3.063324;35.488125;27.751980;40.773087;13.501319;8.164907;30.288918;41.556728;27.263853;10.833773;2.627968;19.787600;33.375988;
36.755936;19.129288;0.643799;11.299472;4.197889;41.740105;18.592348;31.837730;21.113457;17.571239;3.014512;22.075197;14.972296;22.129288;2.315303;27.889181;31.385223;38.920845;29.184696;13.509234;
19.457783;25.184696;41.712402;31.654354;18.461740;27.358839;34.684696;19.885223;39.263851;1.792876;20.868074;13.469657;36.374672;12.116095;6.292876;30.382586;42.174141;26.476254;41.959103;29.693932;
37.798153;29.290237;23.666227;20.316622;21.350924;16.567282;14.071240;29.693932;20.796833;27.445910;23.777044;9.401055;36.708443;40.391819;25.546175;35.686016;8.050132;16.390501;3.043536;17.332455;
2.306069;4.025066;30.059366;3.761214;31.488127;26.810026;8.715039;3.168865;41.138523;13.498681;13.630607;14.531662;35.870712;10.474934;5.980211;4.643799;23.963060;29.147757;37.344326;15.273088;
3.915567;26.832455;9.849605;1.893140;21.349604;22.473616;26.101583;21.386543;0.370712;24.327177;6.291557;24.343008;26.241425;30.354881;38.295513;42.257256;5.346966;37.806068;8.468338;25.248020;
27.742744;20.129288;22.143799;34.150394;12.427441;23.869392;31.908972;42.614777;3.861478;41.052769;9.704486;9.800792;2.492085;25.861477;31.866755;41.317944;6.109499;13.738787;13.709763;2.104222;
9.408971;20.026384;18.986807;41.602901;33.357521;22.116095;16.249340;11.605541;18.205805;4.839050;7.463061;15.236148;40.792877;27.208443;6.084433;24.224274;41.568600;30.898417;11.836411;24.813984;
40.721638;40.218998;21.378628;12.779683;28.821899;41.683376;5.955145;1.038259;35.874672;20.025066;24.899736;8.754618;39.689972;0.709763;17.031662;22.517151;1.335092;13.850924;0.782322;28.164907;
34.399734;2.474934;8.961741;17.386543;1.565963;22.339050;13.464380;24.445910;15.019789;21.356201;30.418205;10.692612;10.224275;21.336412;12.642480;41.277046;42.514511;33.357521;22.507915;9.738787;
38.001320;10.692612;32.704487;3.353562;43.058048;35.201847;20.911610;2.894459;6.468338;3.626649;8.500000;9.709763;8.812665;3.959103;17.576517;28.670185;16.415567;43.102901;28.800791;5.613456;
31.197889;13.405013;0.740106;12.420844;16.361477;29.081795;33.193932;0.230871;36.952507;31.546175;0.357520;19.134565;38.463062;5.089710;33.125328;8.705805;5.125330;4.547493;9.234829;14.492085;
7.522428;39.497360;35.736149;21.262533;16.555408;10.906332;39.269131;42.006596;30.935356;4.147757;16.345646;42.543537;6.145119;10.349605;10.159631;38.113457;2.361478;28.427441;26.011873;28.290237;
39.291557;8.816623;32.598946;20.117414;32.162270;29.313984;1.898417;21.953825;31.741425;34.307388;5.188654;41.786282;18.649076;3.353562;15.339050;15.720317;36.828495;10.069921;38.125328;3.030343;
2.877309;43.027706;6.548813;11.468338;19.365435;0.633245;17.695251;5.374670;10.071240;34.324539;0.263852;22.288918;24.001320;9.339050;40.762531;42.757256;26.159630;29.762533;24.183378;14.568602;
3.147757;19.038260;33.310028;21.968338;22.932718;43.212402;32.804749;6.773087;39.372032;16.576517;22.808706;26.244062;31.840370;1.439314;9.593668;22.329815;11.218997;1.068602;26.944592;0.675462;
7.036939;25.257256;31.320580;26.312664;42.554089;19.192612;34.191292;26.609499;39.674141;2.815303;35.188656;18.815304;6.277045;11.349605;33.030342;17.866755;15.612137;11.246702;23.679420;25.670185;
27.699209;30.687336;3.336412;5.945910;13.434037;30.443272;15.402374;29.715040;42.294197;13.608179;42.857521;19.970976;16.192612;29.688654;1.362797;15.547493;7.278364;9.594987;23.572559;36.868073;
17.624010;38.065964;36.320580;41.288918;32.150394;5.765172;31.588390;1.798153;4.085752;25.754618;32.935356;34.765171;39.100266;37.807388;34.304749;5.306068;28.345646;28.480211;36.861477;5.770449;
34.038258;25.343008;28.506596;11.940633;29.401056;39.606861;31.692612;25.972296;37.189972;23.366755;20.952507;4.981530;3.544855;15.715039;8.715039;19.688654;19.098944;25.176781;14.346966;28.486807;
7.910290;38.875988;42.050133;13.973615;14.945910;8.480211;41.970978;40.204487;39.728233;30.430079;23.362797;26.664907;28.130608;8.506597;34.773087;7.662269;7.453826;10.527704;7.193932;24.670185;
25.705805;2.003958;39.720318;31.269129;9.902374;38.864117;42.940632;38.965698;25.687336;34.386543;11.248021;18.912930;15.571240;9.500000;12.236148;4.003958;16.840370;28.076517;40.403694;36.015831;
22.897099;34.697887;33.724274;13.212401;13.560686;6.930079;27.428761;34.167545;9.759894;34.408970;8.637203;39.513191;29.699209;1.835092;8.164907;39.076519;18.087070;1.224274;36.377308;28.712400;
14.564644;26.564644;10.353562;19.695251;27.713720;32.963062;14.133245;19.894459;10.472296;37.422165;1.795514;0.517150;8.555409;3.216359;20.042217;33.474934;13.096306;6.354881;16.828497;27.972296;
21.427441;37.044853;10.071240;29.477573;10.133245;21.097626;28.837730;34.153034;21.653034;19.407652;39.062004;22.543535;25.382586;23.253298;1.077836;30.166227;13.907652;38.435356;11.655673;7.788918;
38.532982;5.707124;29.372032;23.893141;39.560684;34.360157;0.606860;0.159631;40.043537;20.891821;14.675462;8.000000;39.724274;37.443272;8.509234;14.332454;4.968338;43.168865;32.725594;18.200527;
26.307388;0.633245;37.539577;28.406332;1.877309;31.134565;17.416887;2.381267;42.344326;5.075198;34.915565;17.849604;4.568602;16.953825;11.569921;19.358839;41.245384;17.110819;16.674143;16.455145;
11.798153;6.562005;34.026386;32.352242;30.843008;18.135883;23.928761;31.406332;42.713718;36.564644;38.626648;32.094986;6.691293;31.792875;41.319260;28.581795;8.017150;42.025066;8.257256;14.029024;
20.455145;5.249341;7.300792;31.343008;18.817942;10.634564;11.087071;25.762533;37.554089;20.121372;2.774406;30.191294;9.213720;34.213718;2.828496;25.386543;16.368074;11.641161;12.816623;5.902375;
12.729551;41.402374;23.459103;26.197889;36.059368;33.613457;39.645119;22.910290;11.856200;32.889183;10.294195;9.055409;40.744064;31.625330;4.852243;3.868074;9.141161;41.050133;5.521108;34.671505;
21.365435;32.344326;2.869393;6.761214;17.228231;30.149076;23.296833;37.097626;30.042217;14.002639;41.081795;10.275725;11.067283;39.708443;8.720317;33.282322;26.906332;20.038260;1.498681;28.795515;
15.217678;9.055409;18.346966;13.813984;34.960423;40.389183;40.118732;38.275726;23.634565;17.951187;17.043535;33.600266;40.941952;6.251979;40.650394;15.580475;11.327177;35.497360;26.080475;26.969658;
31.303431;28.013193;24.683378;4.852243;37.866756;41.878628;17.261213;38.835091;33.577835;11.765171;5.288918;37.974934;10.472296;4.221636;28.584433;7.375989;33.465698;37.718998;18.928761;38.828495;
14.478891;9.150395;25.949867;6.011873;27.017151;30.763853;33.088390;13.935356;0.765172;33.298153;29.641161;36.890503;34.982849;19.998680;32.232189;10.750660;40.577835;0.218997;30.051451;24.292875;
36.114777;36.241425;22.696569;16.515831;23.763853;37.228233;38.525066;7.989446;35.555408;36.542217;42.988125;13.811346;10.853562;24.365435;13.887863;17.773087;8.941953;28.634565;6.580475;19.905014;
28.571239;34.959103;10.555409;18.237467;24.836412;6.263852;25.618734;23.422163;0.424802;25.093668;29.414248;10.266491;26.717678;41.217678;5.141161;34.507915;28.546175;25.594986;3.810026;29.850924;
9.448549;13.311346;20.828497;32.302113;32.486809;15.228232;7.084433;1.011873;28.225594;15.831135;10.488127;25.901056;41.858841;37.031662;33.217678;4.795515;40.007915;9.868073;32.927441;12.651715;
18.864117;39.087070;42.250660;13.315304;9.745382;24.423483;13.468338;6.686016;32.051453;1.670185;11.121372;39.873352;21.986807;37.695251;13.627969;8.019789;3.186016;4.967019;33.116096;13.489446;
8.846966;15.079156;30.678101;41.898418;21.514511;21.201847;33.678101;26.294195;2.114776;17.398417;18.748020;9.013192;14.977572;36.385223;10.356200;2.716359;1.715040;33.572559;1.798153;38.262531;
32.050133;26.171503;18.802111;0.914248;22.477573;13.199208;19.079155;1.935356;10.225594;1.953826;34.453827;22.456465;16.631926;12.624010;32.755936;8.972296;25.427441;40.758575;35.799473;21.952507;
17.846966;22.195251;13.868073;17.415567;28.080475;39.542217;6.564644;30.154354;31.302111;36.676781;33.678101;35.865437;16.861477;15.266491;29.774406;1.472296;15.617414;22.996042;14.604221;6.124011;
1.730871;42.924801;41.375988;34.340370;43.105541;1.469657;5.290237;15.451187;15.572559;4.440633;21.567282;13.395779;33.135883;24.353561;28.808706;17.097626;1.568602;13.022428;18.600264;13.569921;
9.651715;8.501319;22.701847;10.145119;8.573878;43.183376;5.084433;39.530342;18.261213;27.332455;0.593668;30.220316;2.829815;20.072559;42.284962;8.287599;5.492085;24.602901;3.047493;37.532982;
30.923483;22.274406;17.546175;18.197889;6.071240;30.721636;10.600264;4.861477;42.303429;36.117413;35.540897;39.771767;32.986809;17.025066;35.116096;32.540897;19.820580;39.600266;36.815304;22.562006;
16.192612;36.434036;0.405013;14.963060;29.197889;26.872032;26.932718;29.077837;6.092348;2.075198;17.299473;25.753298;14.542216;16.506596;8.420844;6.647757;36.589710;11.676781;15.695251;38.300793;
31.540897;0.344327;4.583114;18.594986;36.766491;7.291557;30.447229;19.137203;10.547493;5.794195;2.255937;26.903694;7.353562;24.051451;17.130608;5.113456;0.591029;12.251979;29.650396;4.522428;
29.678101;33.614777;19.052771;34.666225;29.722956;24.215040;23.457783;31.443272;20.638523;30.804749;37.055408;19.654354;14.000000;41.732189;3.965699;28.741425;11.841689;17.562006;34.414249;33.270447;
17.707125;14.641161;39.420845;38.381268;1.844327;13.922164;33.597626;19.761213;0.228232;39.972294;42.891819;11.294195;29.945910;9.551451;2.282322;6.696570;0.610818;24.386543;6.817942;11.538259;
39.241425;28.761213;4.147757;41.638523;24.939314;22.076517;26.816622;15.171504;4.451187;6.387863;9.245382;26.146439;25.562006;37.696571;28.300791;38.767811;21.923483;36.536938;12.372031;9.105541;
15.412929;29.238787;17.234829;35.559368;15.985488;43.121372;27.155672;31.525066;14.817942;24.377308;33.695251;34.753300;12.662270;39.414249;42.321899;41.614777;3.707124;4.459103;24.387863;5.253298;
29.758575;25.538260;26.592348;9.767810;8.920844;31.659630;23.154354;5.784960;15.550132;42.682056;25.441952;27.358839;23.992085;14.091029;34.290237;16.199209;9.039577;38.166225;3.889182;0.244063;
20.806068;16.683378;7.724275;11.937995;3.013193;16.926121;40.517151;17.737467;9.879948;37.101582;35.740105;22.299473;28.631926;3.846966;8.153034;13.696570;19.591028;24.823219;36.360157;42.787598;
29.296833;33.126648;38.075199;16.613457;37.585751;13.703166;4.109499;17.728231;42.514511;34.970978;38.585751;37.653034;0.815303;22.170185;6.802111;22.808706;41.331135;8.676781;40.329815;28.949867;
7.118733;23.675461;14.824538;42.341690;40.551453;6.589710;28.281002;41.825859;13.468338;30.624010;38.420845;32.931400;35.439316;15.397098;38.503960;22.978891;15.127969;32.393139;11.005277;14.154353;
32.281002;37.344326;0.931398;26.741425;14.084433;3.612137;23.720316;13.337730;41.126648;25.565964;19.856201;22.069921;36.091030;25.912930;3.403694;37.358841;30.701847;19.341688;11.378628;29.153034;
23.449867;4.407652;1.187335;28.238787;18.411610;3.774406;37.924801;23.668865;35.786282;16.386543;10.960423;18.659630;36.062004;12.624010;42.957783;40.974934;23.936676;38.614777;9.393140;11.905013;
14.527704;42.022427;23.395779;4.707124;41.544853;4.226913;1.364116;18.507915;19.651714;34.427441;34.501320;14.696570;29.746702;16.346966;27.552771;33.447231;18.031662;19.290237;27.271769;13.460423;
39.579155;26.741425;4.531662;40.370712;37.275726;21.356201;37.056728;41.695251;27.472296;17.003958;2.543536;42.839050;29.046175;39.228233;31.746702;2.034301;2.002639;33.853561;9.936675;36.121372;
40.129288;7.700528;24.750660;11.808707;3.114776;35.298153;5.610818;6.013193;43.051453;3.274406;20.447229;4.689974;0.302111;23.191294;36.858841;41.137203;31.500000;1.156992;8.273088;7.803430;
12.331135;29.893141;0.014512;39.953827;34.668865;5.120053;5.451187;13.554090;16.217678;2.258575;31.711082;6.787599;7.331135;31.456465;18.655672;8.171504;34.538258;15.257256;40.956463;29.030342;
27.916887;33.502640;11.083114;27.257256;11.982850;37.072559;24.746702;21.981531;26.470976;26.084433;4.616095;22.222956;43.156994;23.845646;0.002639;19.470976;36.766491;20.846966;14.469657;13.104221;
0.572559;41.419525;27.391821;15.965699;21.534300;31.827177;32.480209;9.030343;32.631927;25.044855;24.386543;8.618733;5.696570;21.581795;15.784961;42.166225;29.500000;41.630608;16.032982;23.105541;
42.083115;4.031662;10.602902;12.522428;2.218997;17.027704;2.052770;36.790237;9.638522;1.397098;22.042217;35.311344;34.908970;9.076517;2.266491;15.369393;22.251980;28.156992;18.993404;37.193932;
26.237467;32.164909;20.965700;19.765171;21.613457;15.567283;30.886543;27.980211;41.510555;38.480209;16.683378;37.426121;23.930079;22.568602;33.718998;10.287599;21.707125;12.740106;7.063324;13.567283;
26.205805;41.431400;14.377309;2.676781;16.691294;7.489446;6.204485;39.121372;4.386544;3.319261;40.390503;3.341689;34.745384;32.493404;10.653034;3.716359;3.361478;27.034300;32.465698;24.055408;
27.211082;14.375990;34.011875;10.579156;16.222956;3.096306;17.949867;21.441952;8.207124;42.656994;17.281002;40.324539;41.854881;26.212400;0.642480;28.182058;6.849604;37.597626;3.965699;30.828497;
18.229551;33.395779;8.915567;8.634564;24.856201;7.042216;17.985489;27.350924;20.481531;31.085752;19.559366;0.852243;42.800793;27.670185;33.453827;13.836411;32.101582;3.463061;16.713720;26.238787;
31.767811;37.131927;36.306068;30.613457;24.131926;20.683378;12.978891;26.224274;13.626649;42.250660;4.889182;16.510553;39.767811;28.308706;32.695251;42.108181;40.273087;8.422164;25.624010;23.812664;
24.984169;9.581794;14.172823;32.849606;5.337731;35.398418;25.022427;27.959103;10.405013;1.811346;19.928761;22.492085;23.288918;41.345646;25.858839;23.622692;39.200527;10.077836;20.026384;15.218997;
35.808708;35.897099;19.666227;18.126650;13.920844;34.422165;26.672823;23.898417;28.787600;31.156992;17.577837;8.643800;24.267811;37.592350;18.048813;39.171505;38.567284;22.964380;20.088390;29.653034;
31.819262;26.267811;40.481529;25.579155;33.906334;42.393139;35.468338;11.255937;35.693932;29.613457;13.398417;31.146439;19.497362;18.124010;17.112137;10.360158;27.453825;18.394459;15.218997;21.393141;
15.189974;11.679420;22.439314;36.569920;37.889183;24.023746;12.664907;42.964378;40.631927;4.141161;31.366755;34.802113;16.271769;25.253298;27.766491;25.209763;18.840370;12.503958;29.558048;24.596306;
17.633245;34.806068;7.667546;41.085751;31.022427;16.890501;10.617414;7.067282;6.373351;40.101582;2.437995;33.083115;14.815304;1.249340;26.919525;28.571239;11.104221;14.228232;2.463061;41.703167;
29.906332;21.071239;29.697889;12.009234;25.532982;40.405014;40.601582;28.656992;10.310026;38.740105;17.129288;4.212401;1.197889;31.154354;40.374672;29.683378;40.803429;2.064644;14.926122;18.052771;
18.529024;36.480209;15.402374;31.792875;33.542217;36.270447;19.083113;31.266491;31.015831;17.081795;14.853562;7.201847;15.308707;14.576517;30.500000;12.281003;3.848285;33.655674;31.080475;17.523746;
31.083113;20.383905;8.536940;16.310026;14.726912;30.911610;42.339050;42.374672;9.798153;15.113457;2.905013;5.840369;14.245382;37.684696;17.688654;7.906332;24.563324;8.592348;31.573879;0.758575;
23.967018;4.985488;13.750660;15.287599;39.530342;40.310028;7.313984;39.343006;37.304749;16.916887;17.494722;34.205803;8.006597;14.775725;15.484169;36.583115;12.254618;9.856200;10.573878;12.465699;
19.201847;39.414249;35.228233;15.357520;42.459103;37.393139;39.071239;12.601583;18.073879;11.356200;11.926122;18.791557;14.919525;0.323219;29.266491;29.667545;6.117414;9.374670;21.493404;6.410290;
8.005277;8.862797;41.098946;8.973615;31.394459;21.164907;7.798153;36.674141;3.207124;36.978893;8.286280;20.518469;11.059367;0.253298;1.005277;1.021108;34.581795;36.036938;2.600264;28.156992;
34.812664;36.382587;38.716358;33.365437;40.989445;32.236149;28.018469;31.606859;25.307388;34.160950;6.048813;38.790237;26.353561;34.916885;36.427441;19.345646;9.182058;23.944592;43.113457;27.399736;
9.168865;15.109499;35.192612;34.964378;4.423483;24.208443;6.843008;42.885223;20.637203;40.806068;27.208443;11.184696;42.833775;17.402374;18.951187;31.654354;21.766491;6.931398;42.817944;19.934036;
24.963060;39.281002;25.032982;41.591030;41.998680;40.798153;4.207124;30.715040;12.766491;35.872032;7.501319;15.525066;20.649076;26.750660;27.513193;41.799473;8.886543;6.844327;31.009235;0.800792;
42.812664;22.410290;38.649078;22.317942;0.730871;2.974934;33.908970;40.014511;18.687336;10.284961;42.984169;11.040897;9.951187;20.945910;14.162270;2.328496;16.744062;22.212400;11.362797;26.036940;
17.633245;11.618733;4.525066;3.763852;40.320580;31.465700;30.895779;1.349604;24.585752;1.787599;9.895779;33.174141;25.761213;1.547493;28.868074;10.064644;30.563324;26.798153;36.527706;37.517151;
18.883905;5.241425;20.804749;38.878628;18.907652;3.734828;40.191292;34.151714;11.011873;24.848286;18.094986;5.829815;33.036938;20.683378;9.416886;34.003960;39.779682;38.810028;27.492085;21.192612;
42.201847;4.572559;10.931398;34.981529;35.984169;5.668865;12.779683;26.951187;28.786280;21.253298;24.328497;42.407650;21.651714;4.732190;34.755936;25.273087;37.787598;40.598946;41.535622;30.010553;
10.923483;14.689974;7.568602;31.401056;15.547493;31.244062;41.986809;14.393140;2.786280;21.858839;22.422163;10.321899;42.959103;39.106861;16.439314;26.836412;22.452507;25.750660;28.261213;13.378628;
12.083114;33.548813;39.411610;25.654354;38.440632;28.437994;36.598946;39.302113;43.084435;39.939316;1.192612;8.490766;14.758575;7.705805;29.146439;8.704486;41.967018;39.852242;36.935356;21.945910;
11.713720;3.671504;0.540897;24.977573;41.854881;27.973616;10.092348;25.296833;32.754616;16.292875;6.469657;13.770449;30.915567;9.573878;38.767811;40.629288;6.401055;16.340370;1.052770;37.914249;
1.840369;24.985489;33.200527;27.356201;32.955147;26.617414;25.465700;34.171505;6.722955;28.193932;16.775726;43.162270;31.405014;14.064644;12.897098;9.278364;1.200528;8.588390;20.142481;42.870712;
40.178101;25.011873;31.215040;3.650396;39.824539;10.044855;23.970976;6.960422;4.529024;1.629288;12.269130;38.850922;1.324538;4.105541;36.799473;10.626649;1.650396;14.444591;5.361477;5.649076;
10.934037;6.328496;5.370712;17.261213;38.865437;3.149076;3.819261;11.361478;3.539578;3.505277;32.964378;1.551451;30.168865;19.919525;36.353561;19.335093;27.129288;37.592350;41.172825;13.146438;
37.523746;24.251980;4.440633;34.187336;32.895779;14.040897;42.269131;7.960422;42.058048;7.419525;0.631926;11.464380;16.575197;12.683377;27.932718;9.097626;23.254618;14.249340;27.058048;10.465699;
35.500000;20.418205;36.284962;35.428761;0.331135;19.007915;21.939314;28.245382;14.918206;36.751980;8.188654;13.940633;35.779682;1.224274;21.187336;33.558048;35.222954;33.437996;38.009235;21.730871;
28.172823;5.299472;22.813984;27.819262;19.390501;27.594986;24.567282;36.245384;29.121372;10.984169;29.643799;3.393140;31.025066;8.931398;19.180738;15.162270;3.656992;3.796834;10.989446;15.360158;
15.824538;23.662270;17.105541;3.275726;28.310026;29.230871;42.637203;20.931398;23.978891;26.087070;13.771768;7.030343;19.065964;14.596306;19.948549;5.245383;5.671504;16.543535;23.191294;25.763853;
26.713720;6.960422;24.799473;4.507915;1.056728;33.476254;15.307388;23.507915;18.839050;5.792876;6.259894;26.456465;33.025066;42.829815;31.667545;14.257256;13.056728;38.792877;28.653034;41.068600;
5.379947;27.375990;3.890501;1.357520;42.738785;5.345646;6.274406;41.526386;38.712402;16.602901;9.841689;30.350924;41.667545;22.534300;5.486807;2.507915;33.543537;13.937995;16.444592;9.477572;
36.724274;20.022427;33.469658;38.406334;17.010553;37.441952;16.972296;32.715038;0.120053;10.418206;5.291557;26.601583;19.415567;14.601583;0.819261;38.159630;9.658311;40.800793;18.994722;35.861477;
42.658310;6.761214;15.134564;12.189974;25.317942;41.591030;30.861477;3.650396;34.059368;28.258575;15.721636;4.490765;17.092348;5.042216;11.617414;2.420844;38.503960;22.283642;25.928761;40.418205;
11.759894;17.827177;21.577837;14.184696;10.159631;36.663589;41.591030;17.139841;15.372031;18.046175;31.817942;34.697887;18.662270;37.604221;27.810026;15.872031;27.618734;11.539577;10.125330;31.755938;
28.406332;9.831135;7.616095;35.915565;18.340370;12.617414;12.353562;16.957783;29.083113;40.513191;26.336412;15.089710;39.160950;11.806068;19.811346;14.804749;41.918205;41.137203;34.903694;6.868074;
37.897099;13.843008;41.420845;15.587071;1.645119;15.168865;37.956463;38.705803;24.218998;16.230871;5.135884;41.749340;32.935356;6.877309;31.192612;40.605541;24.562006;14.811346;0.608179;25.121372;
40.558048;33.964378;30.573879;16.854881;42.440632;36.353561;8.489446;13.782322;39.852242;3.970976;20.492085;28.633245;24.176781;25.245382;24.213720;16.873350;17.076517;3.548813;37.015831;30.718998;
2.930079;16.585752;14.258575;6.114776;11.307388;9.527704;40.401054;37.821899;32.009235;33.674141;7.505277;30.803431;28.823219;16.073879;9.143800;15.328496;37.104221;12.536940;19.073879;13.997361;
6.125330;15.940633;39.444592;13.209763;19.771769;12.836411;22.804749;8.001319;37.736149;8.751979;17.779684;24.343008;6.951187;23.503958;15.593668;1.358839;4.186016;36.286282;33.775726;42.774406;
5.866755;11.546174;0.674142;12.233509;26.775726;28.645119;20.356201;19.303431;7.581794;41.096306;19.531662;35.893139;19.903694;23.273087;4.509235;17.009235;39.175461;30.407652;16.306068;19.208443;
26.947229;21.920845;17.618734;4.728232;5.176781;11.414248;10.207124;35.092350;42.782322;4.332454;11.199208;23.387863;9.932717;27.216358;13.941953;8.430079;14.626649;12.166227;37.415565;33.517151;
36.926121;13.374670;0.796834;31.017151;21.209763;0.563325;2.705805;5.931398;22.576517;8.821899;6.798153;11.836411;25.039577;19.341688;32.026386;39.432716;21.894459;4.728232;22.127968;2.795515;
19.158312;32.137203;17.137203;29.994722;33.704487;36.534302;17.639841;32.742744;6.361477;21.948549;34.874672;15.426122;4.195251;0.390501;20.001320;11.705805;27.064644;37.237469;35.944592;28.283642;
8.782322;15.379948;19.325857;8.015831;19.653034;5.667546;14.620052;19.040897;7.085752;34.612137;11.898417;33.664909;32.068600;7.160950;10.944591;22.416887;35.612137;2.108179;5.067282;29.625330;
6.505277;11.988127;31.869392;4.894459;16.758575;36.689972;27.547493;7.860158;1.807388;34.943272;21.026384;41.860157;5.527705;37.680740;15.439314;4.211082;32.201847;13.924802;6.820580;3.003958;
9.354881;9.296834;6.249341;15.073878;41.122692;18.155672;39.788918;42.878628;29.469658;22.986807;35.716358;4.323219;10.131927;7.878628;5.655673;37.730869;21.220316;33.879948;40.040897;23.709763;
30.009235;10.153034;5.792876;0.399736;32.709763;26.850924;22.886543;14.448549;31.414248;19.044855;8.178101;3.492085;3.001319;16.688654;11.650395;24.882586;39.703167;9.319262;22.497362;43.098946;
41.250660;32.059368;19.129288;22.874670;2.853562;20.353561;21.298153;16.003958;19.577837;40.015831;10.585752;37.821899;13.864116;7.711082;39.439316;26.511873;35.920845;27.225594;5.919525;27.088390;
19.791557;24.333773;19.587070;28.620052;17.713720;21.759895;14.310026;28.820580;11.736148;39.682056;8.939314;13.965699;22.627968;12.193932;17.501320;39.188656;4.060686;2.056728;15.525066;10.649076;
25.982849;23.443272;1.718997;3.092348;19.027704;14.374670;42.816624;22.601583;16.143799;3.440633;38.217678;4.820580;33.608181;18.232189;0.065963;39.221638;8.878628;39.461742;23.395779;10.180738;
18.150396;23.724274;7.104222;28.779684;23.891821;39.476254;29.532982;24.737467;23.683378;20.459103;12.877309;2.085752;23.517151;2.494723;12.477572;19.670185;15.244063;2.035620;24.593668;16.711082;
29.745382;13.340369;0.275726;14.358839;13.224275;17.554090;39.674141;35.307388;30.503958;5.048813;27.817942;13.048813;23.960423;33.984169;26.331135;27.096306;21.032982;23.827177;33.662270;11.784961;
18.965700;41.716358;39.240105;9.916886;7.420845;2.259894;21.637203;32.345646;6.026385;14.188654;38.013191;32.831135;15.565963;35.068600;11.704486;10.286280;19.228231;24.250660;13.672823;12.836411;
19.063324;33.443272;39.449867;12.610818;27.949867;41.680740;34.083115;30.878628;2.196570;11.610818;31.295515;6.928760;24.158312;17.118734;35.398418;6.455145;28.321899;11.349605;30.940634;3.472296;
28.660950;36.237469;7.982850;4.437995;11.062005;10.291556;42.160950;7.982850;16.296833;25.416887;14.820580;6.941953;9.649076;30.174143;6.671504;1.617414;19.449867;3.171504;42.401054;14.808707;
10.919525;12.716359;3.568602;34.325859;20.821899;12.787599;29.940634;3.196570;19.317942;25.129288;21.865435;42.655674;24.522427;38.725594;33.680740;33.875988;22.620052;17.122692;41.036938;40.387863;
2.879947;36.511875;7.539578;5.477572;6.282322;37.216358;30.515831;33.606861;21.564644;32.875988;21.449867;35.972294;16.436676;0.556728;41.050133;6.009235;24.291557;36.757256;9.579156;7.580475;
12.124010;2.492085;42.083115;17.683378;11.984169;20.565964;42.716358;3.284961;25.551451;10.736148;23.920845;28.311346;11.196570;14.908971;0.835092;35.470978;25.143799;16.839050;18.835093;6.766491;
4.708443;14.200528;29.201847;17.716358;0.142480;41.761215;41.118732;24.489447;40.445911;38.968338;5.608180;22.994722;7.383905;38.773087;32.544853;30.054090;43.193932;9.039577;7.278364;6.905013;
7.329815;39.523746;29.368074;39.819260;20.784960;32.808708;5.056728;33.439316;8.109499;24.525066;32.137203;9.761213;16.303431;31.841688;38.523746;9.019789;42.044853;36.794197;10.585752;36.922165;
22.477573;40.960423;7.441953;5.546174;17.901056;19.914248;0.394459;25.910290;31.154354;16.571239;30.597626;5.232190;10.816623;28.941952;32.439316;30.848286;1.721636;17.862797;31.912930;18.306068;
38.906334;36.052769;24.205805;19.126650;7.850924;25.949867;23.631926;11.584433;18.167545;22.563324;22.451187;8.025066;0.581794;6.186016;5.844327;36.974934;25.403694;11.529024;18.973616;12.187335;
9.101583;40.720318;1.105541;41.166225;4.569921;40.890503;31.159630;18.124010;1.091029;12.550132;7.997362;4.943272;40.501320;33.953827;15.018470;28.965700;7.860158;8.270449;3.321900;23.055408;
32.836411;42.730869;42.996040;6.538259;38.726913;12.924802;36.160950;22.052771;23.782322;42.758575;11.670185;13.379948;0.811346;20.960423;24.734829;23.870712;12.535620;14.333773;3.292876;35.939316;
13.287599;1.262533;34.175461;4.167546;34.474934;7.518470;4.291557;7.711082;35.379948;18.918205;40.970978;37.027706;29.617414;18.023746;18.234829;32.302113;18.507915;38.137203;5.402375;34.412930;
19.085752;19.810026;11.295514;28.317942;20.606859;11.591029;35.848286;31.372032;27.592348;24.683378;36.026386;6.456464;23.249340;39.990765;39.746700;22.744062;11.340369;39.245384;14.704486;27.813984;
13.544855;39.920845;28.390501;43.040897;7.468338;5.614776;3.608179;16.262533;28.207125;0.692612;38.072559;13.952507;29.517151;28.559366;30.398417;30.159630;30.124010;8.825857;13.391821;7.952507;
11.543535;24.411610;23.364117;42.320580;6.461741;40.172825;41.819260;20.156992;16.998680;2.242744;5.445910;6.374670;28.949867;38.444592;31.659630;26.583113;20.730871;26.201847;34.295513;36.612137;
16.965700;20.751980;0.651715;26.201847;42.213718;31.951187;18.036940;9.630607;24.773087;37.242744;24.120052;23.535620;24.810026;15.978891;11.965699;14.358839;15.408971;28.077837;15.621372;38.294197;
23.047493;35.753300;1.897098;7.740106;29.048813;10.025066;31.749340;12.320580;6.217678;20.773087;38.746700;16.192612;10.927441;30.692612;20.349604;2.947230;13.236148;42.916885;32.687336;18.245382;
33.733509;20.104221;6.448549;14.299472;10.286280;8.598945;28.228231;27.109499;6.660950;15.117414;24.193932;28.532982;13.242744;26.393141;9.178101;27.362797;38.294197;21.795515;10.978891;20.864117;
42.588390;23.538260;11.614776;25.093668;26.775726;34.494724;9.576517;1.616095;40.497360;37.907650;26.110819;38.618732;33.503960;38.729553;29.833773;42.060684;9.480211;18.238787;35.054089;29.755938;
13.790237;41.067284;2.237467;24.658312;26.732189;40.451187;12.143800;35.023746;28.453825;39.572559;39.484169;25.543535;4.513193;32.226913;13.741425;21.275726;28.513193;21.277044;11.786280;32.349606;
17.916887;0.134565;16.255938;27.703167;34.350922;29.889181;35.397099;34.891819;32.829815;24.394459;18.310026;32.269131;17.683378;1.159631;15.494723;13.170185;28.358839;21.284960;18.613457;18.072559;
5.069921;14.312665;15.827177;38.865437;38.197887;8.093668;42.477573;23.496042;13.911610;8.526385;28.547493;14.779683;24.492085;6.017150;0.815303;3.240106;37.089710;1.952507;8.833773;3.273087;
16.472296;13.311346;30.060686;18.957783;33.000000;35.138523;1.368074;19.746702;38.354881;5.464380;16.145119;24.642481;7.453826;11.796834;12.841689;26.055408;42.629288;5.609499;31.682058;24.841688;
14.515831;42.102901;19.556728;37.401054;21.689974;9.043535;0.440633;0.530343;33.075199;34.886543;23.656992;40.091030;38.393139;21.222956;15.645119;34.919525;21.715040;8.513192;28.302111;22.783642;
2.651715;36.313984;15.259894;33.976254;22.234829;39.718998;18.255938;34.742744;15.411610;42.769131;24.637203;35.959103;9.188654;23.312664;32.317944;11.738787;26.365435;12.688654;15.522428;29.212400;
4.205805;20.882586;25.035620;18.032982;15.813984;4.656992;29.829815;13.124010;22.802111;31.312664;36.402374;39.854881;9.027704;34.222954;6.217678;42.874672;26.584433;4.456464;21.142481;22.047493;
9.536940;14.633245;1.130607;41.832455;10.562005;11.523746;29.226913;18.184696;24.302111;27.178101;26.188654;30.023746;9.386543;10.188654;2.721636;21.878628;7.807388;13.353562;20.656992;33.792877;
22.552771;25.783642;10.353562;41.249340;27.730871;12.798153;2.241425;22.472296;31.448549;13.668865;11.932717;27.492085;3.697889;39.163589;7.147757;1.774406;21.812664;8.013192;17.257256;3.385224;
13.441953;26.262533;35.531662;4.496042;11.602902;38.192612;34.278362;2.667546;42.373352;17.352243;2.362797;21.791557;41.031662;29.001320;22.653034;36.435356;41.167545;35.625328;39.522427;4.696570;
38.312664;30.472296;25.630608;0.092348;31.970976;24.932718;25.178101;22.350924;36.660950;42.427441;4.740106;39.627968;3.885224;33.679420;26.378628;14.949868;7.614776;38.963062;25.700527;37.076519;
29.982849;36.671505;12.150395;6.007915;2.383905;19.953825;17.457783;30.824539;0.672823;0.130607;4.298153;39.034302;39.209763;3.117414;12.139842;14.497361;10.906332;16.951187;17.449867;11.539577;
39.370712;43.092350;1.350924;22.226913;17.890501;36.689972;4.525066;11.580475;27.955145;18.166227;14.021109;24.808706;22.949867;11.629288;23.732189;32.889183;37.451187;5.997362;26.737467;25.782322;
42.658310;26.641161;21.918205;19.617414;16.716358;37.916885;9.167546;11.612137;42.130608;23.758575;12.385224;24.569921;4.749341;9.935356;18.118734;15.360158;3.415567;29.310026;41.959103;5.374670;
7.241425;9.840369;37.626648;34.434036;42.522427;18.985489;33.779682;36.757256;8.236148;22.857519;40.580475;18.613457;13.087071;26.089710;24.551451;31.059366;30.408972;10.172823;12.544855;14.753298;
23.277044;17.418205;18.141161;4.544855;27.836412;14.481530;24.196569;35.924801;7.036939;12.308707;17.489447;24.882586;0.323219;33.162270;6.563324;0.782322;35.642479;12.565963;18.708443;12.726912;
26.667545;4.939314;7.199208;2.576517;29.459103;2.626649;10.563325;2.614776;0.718997;39.708443;19.455145;43.182056;37.060684;19.977573;22.612137;41.819260;21.296833;26.936676;33.311344;10.306068;
1.026385;36.441952;5.807388;29.754618;9.365436;5.989446;5.149076;27.546175;4.645119;39.410290;21.122692;16.701847;22.295515;1.478892;5.844327;10.102902;5.281003;10.381267;1.283641;10.790237;
11.543535;15.333773;28.431398;25.645119;5.432718;17.007915;36.659630;28.159630;18.027704;2.646438;17.319262;33.755936;13.047493;29.531662;18.109499;40.435356;27.072559;4.237467;32.591030;41.448547;
7.249341;23.622692;20.135883;35.689972;1.674142;3.622691;30.656992;26.343008;39.141159;23.782322;41.006596;19.967018;7.630607;27.150396;39.356201;16.530342;35.420845;0.837731;7.650396;2.584433;
41.470978;11.784961;35.878628;24.552771;39.692612;12.609499;2.100264;8.468338;36.696571;2.501319;2.990765;8.390501;26.874670;25.753298;17.828497;31.031662;5.129288;30.881266;33.901054;32.395779;
25.633245;24.011873;24.076517;12.085752;10.732190;20.709763;10.236148;22.939314;30.067282;13.778364;35.604221;21.675461;19.149076;23.205805;20.317942;26.612137;3.249340;13.464380;14.911610;32.653034;
12.032982;3.749340;4.717678;19.906332;15.868073;26.646439;39.244064;24.860159;20.304749;1.453826;12.422164;5.304749;1.203166;42.236149;40.720318;29.879948;33.143799;13.162270;30.114777;4.693932;
34.257256;18.436676;27.361477;29.885223;42.050133;34.134563;32.998680;36.568600;11.087071;23.412930;6.945910;13.200528;3.875989;39.313984;41.031662;33.790237;25.197889;13.901055;2.707124;13.638522;
25.383905;34.821899;7.645119;4.521108;14.449868;29.915567;31.211082;3.956464;34.474934;6.796834;16.470976;4.019789;18.576517;27.403694;42.415565;32.460423;18.787600;26.935356;7.947229;3.771768;
9.811346;40.521107;38.038258;40.799473;10.339050;39.212402;30.087070;3.783641;31.527704;25.098944;22.419525;11.394459;32.324539;19.459103;19.114777;42.215038;39.676781;31.726913;2.018470;12.174143;
8.108179;32.275726;17.820580;15.861478;8.998681;16.794195;33.535622;8.976254;21.432718;12.341689;10.230870;3.208443;1.416887;26.385223;18.063324;7.558047;20.073879;5.059367;21.075197;9.265171;
23.680738;18.121372;19.407652;6.485488;0.398417;1.899736;4.500000;40.040897;20.112137;12.642480;25.808706;20.262533;24.428761;18.936676;40.803429;31.110819;0.426121;12.711082;19.687336;43.034302;
26.146439;29.456465;19.807388;19.353561;0.055409;35.810028;9.558047;39.291557;12.281003;10.067283;21.311346;39.098946;2.638522;0.828496;24.120052;4.832454;9.110818;13.816623;9.278364;2.065963;
40.832455;30.844328;25.294195;11.515831;14.676781;10.949868;6.949868;36.608181;43.149078;4.777045;42.803429;19.646439;42.858841;16.062006;17.984169;32.630608;32.040897;0.668865;11.559367;19.997362;
43.158310;26.133245;39.459103;34.869392;24.771769;31.068602;3.511873;29.918205;42.047493;28.792875;37.047493;14.755937;26.154354;21.583113;32.610817;30.015831;30.324539;37.624012;12.058047;15.138522;
26.697889;32.602901;38.092350;14.307388;28.815304;24.771769;30.651714;19.407652;6.153034;32.510555;2.843008;24.158312;29.763853;10.288918;42.306068;20.564644;28.916887;0.525066;33.961742;36.329815;
30.112137;5.551451;6.298153;30.841688;42.241425;13.325857;16.403694;7.722955;26.930079;26.947229;23.591028;31.895779;25.680738;12.864116;6.956464;33.612137;18.262533;6.878628;41.819260;38.461742;
16.249340;33.486809;28.381266;14.126649;9.383905;34.398418;41.217678;16.121372;9.302111;23.783642;41.897099;39.443272;24.439314;17.642481;9.791556;42.226913;37.726913;41.288918;11.511873;23.845646;
37.050133;21.740105;10.360158;18.329815;40.401054;41.907650;16.996042;15.259894;35.994724;28.503958;36.849606;14.825857;38.656994;42.192612;26.422163;13.048813;9.849605;25.775726;5.683377;37.423481;
15.542216;6.035620;19.941952;28.968338;23.478891;37.300793;11.949868;36.765171;16.631926;17.758575;32.509235;2.234828;40.559368;6.728232;28.989447;31.527704;40.094986;6.691293;29.085752;0.972296;
10.886543;11.220317;2.455145;42.399734;18.631926;17.521109;1.407652;18.401056;6.306068;26.562006;36.230869;9.844327;22.952507;32.147758;26.914248;12.178101;16.220316;21.895779;21.774406;41.482849;
38.365437;34.692612;30.477573;13.993403;7.875989;38.240105;7.762533;38.064644;6.156992;17.069921;27.068602;6.799472;35.275726;34.656994;13.156992;38.112137;0.048813;11.577836;23.977573;1.993404;
7.671504;20.812664;18.589710;27.620052;19.002638;20.823219;14.907652;13.905013;25.431398;0.399736;6.390501;36.130608;1.576517;17.885223;22.695251;18.097626;29.646439;28.054090;6.005277;0.464380;
18.594986;16.738787;17.750660;23.130608;19.125330;33.898418;15.139842;1.299472;38.936676;39.993404;14.816623;39.656994;13.407652;20.947229;12.761213;8.017150;3.325857;27.204485;2.213720;33.315304;
21.188654;30.151714;20.730871;39.627968;33.221638;29.573879;6.175462;34.315304;14.147758;2.775726;41.163589;6.883905;39.891819;42.605541;30.906332;14.679420;35.860157;15.622691;42.399734;13.701847;
30.568602;38.692612;4.036939;8.638522;13.519789;24.529024;36.865437;37.168865;30.937994;26.732189;30.087070;0.679420;7.346966;23.945910;34.622692;23.618734;13.034301;9.060686;0.895778;13.518470;
33.114777;17.383905;2.344327;11.740106;1.453826;8.642480;32.815304;6.957784;19.761213;14.881267;0.593668;23.319262;12.064644;36.816624;1.485488;19.891821;31.786280;14.259894;23.916887;24.234829;
39.329815;1.604222;33.062004;36.745384;21.530342;9.399736;19.242744;42.149078;5.828496;32.094986;6.572559;10.598945;19.137203;25.532982;39.383904;8.626649;19.769129;8.498681;12.721636;43.035622;
25.337730;8.633245;12.875990;17.329815;32.699207;27.031662;39.973614;29.017151;39.300793;1.211082;37.967018;4.011873;21.375990;27.226913;11.865436;20.447229;5.448549;42.503960;33.576519;15.525066;
2.117414;8.257256;2.655673;11.548813;25.040897;9.250660;0.865435;30.315304;7.332454;12.883905;26.067282;10.627969;11.187335;2.211082;30.836412;22.085752;24.221636;8.754618;2.361478;9.172823;
40.926121;24.821899;14.732190;7.245383;25.339050;12.846966;33.422165;21.200527;21.042217;34.699207;8.274406;32.919525;4.568602;26.803431;34.792877;19.927441;7.732190;22.162270;39.323219;19.064644;
18.486807;42.496040;21.568602;31.160950;12.908971;29.311346;7.414248;16.658312;16.993404;31.389181;10.624010;37.543537;32.072559;23.215040;20.967018;17.394459;25.184696;4.153034;14.703166;39.519791;
34.340370;12.254618;5.023746;6.531662;28.013193;10.828496;41.906334;13.622691;1.121372;16.573879;6.043536;42.766491;33.274406;38.327175;14.139842;27.472296;13.416886;22.316622;26.587070;19.296833;
10.310026;21.407652;36.782322;35.955147;41.923481;6.112137;38.316624;13.872031;7.032981;10.358839;25.332455;7.029024;1.911610;29.808706;0.405013;17.427441;12.977572;19.866755;29.116095;31.316622;
29.662270;16.389181;13.034301;35.576519;0.664908;34.583115;41.658310;26.422163;29.394459;28.432718;0.766491;0.965699;15.620052;41.720318;32.592350;30.251980;3.742744;11.598945;6.550132;15.259894;
12.393140;4.203166;28.212400;2.594987;0.558047;40.679420;15.581794;12.932717;41.835091;33.748020;24.506596;42.791557;21.893141;30.655672;0.738786;14.052771;11.478891;28.993404;35.281002;29.204485;
24.844328;36.778362;16.634565;15.036940;13.306068;32.308708;16.007915;20.616095;14.261213;19.679420;39.703167;36.093666;8.473615;8.407652;9.213720;36.193932;11.166227;26.556728;29.833773;22.775726;
36.203167;39.059368;35.897099;35.393139;26.584433;10.325857;40.641159;33.932716;39.002640;26.046175;35.588390;11.343008;40.767811;21.614777;32.534302;24.372032;39.134563;26.362797;27.947229;24.788918;
31.060686;38.721638;37.017151;0.393140;17.870712;9.221636;20.395779;5.671504;5.167546;40.728233;23.794195;29.408972;16.312664;29.141161;7.616095;14.029024;39.820580;21.184696;32.656994;17.208443;
25.453825;36.978893;19.666227;9.154353;22.250660;28.796833;8.158311;31.006596;11.343008;20.600264;2.604222;34.841690;2.266491;19.003958;28.770449;1.046174;32.109497;42.877308;7.102902;42.584435;
30.992085;35.162270;22.678101;11.224275;14.554090;4.088390;36.643799;1.170185;5.001319;27.696569;7.740106;11.514512;11.663589;36.558048;30.796833;33.288918;34.614777;2.865435;34.241425;32.924801;
33.245384;18.496042;26.828497;17.183378;39.469658;25.635883;3.365435;40.424801;11.645119;22.672823;24.097626;36.675461;41.158310;33.426121;9.820580;29.026384;32.246700;13.978891;26.781002;36.846966;
28.984169;22.693932;41.426121;17.195251;7.395778;6.302111;5.542216;25.497362;4.032981;3.184697;29.948549;24.058048;4.166227;30.275726;37.518471;42.240105;28.653034;22.406332;37.011875;30.394459;
15.546174;41.579155;19.422163;24.935356;21.956465;0.996042;13.135884;9.874670;39.638523;29.189974;34.480209;5.734828;36.255936;27.382586;37.686016;30.548813;34.571239;20.947229;33.112137;31.552771;
20.141161;31.032982;2.257256;37.515831;8.506597;29.689974;37.766491;25.084433;19.262533;1.473615;34.354881;8.453826;28.584433;26.402374;7.315303;18.689974;36.680740;18.180738;18.660950;6.467019;
19.135883;26.848286;9.473615;26.220316;28.306068;4.873351;31.525066;0.587071;40.811344;32.290237;9.542216;28.331135;33.430080;29.596306;2.724274;15.893140;13.137203;40.476254;10.399736;28.036940;
8.058047;26.594986;31.077837;8.047493;4.460422;40.395779;24.980211;3.593668;9.476254;20.734829;13.786280;24.215040;8.532982;34.068600;10.916886;18.101583;40.393139;33.109497;16.072559;1.959103;
29.121372;42.117413;26.745382;10.271768;28.163588;13.663589;41.026386;27.423483;40.316624;6.666227;4.443272;1.292876;25.572559;16.977573;20.984169;15.339050;38.717678;23.873350;2.895778;26.097626;
27.955145;16.015831;30.476254;21.253298;14.552771;41.489445;34.470978;5.199208;11.865436;2.254617;29.039577;18.803431;14.670185;15.734829;26.684696;32.602901;22.378628;26.387863;41.733509;6.596306;
38.003960;8.734829;5.426121;42.298153;6.423483;6.660950;42.460423;12.439314;22.915567;10.366755;24.197889;20.523746;40.579155;39.748020;15.594987;38.120052;12.848285;3.273087;12.304749;28.897099;
2.298153;3.758575;23.026384;31.203167;24.779684;11.664907;17.519789;38.428761;24.655672;9.606860;17.226913;13.538259;9.542216;4.221636;21.845646;6.684697;5.460422;14.819262;5.552771;20.635883;
33.684696;40.159630;22.067282;25.212400;29.588390;26.340370;3.810026;24.840370;34.456463;10.029024;29.242744;18.449867;18.585752;27.755938;38.445911;15.189974;12.476254;8.728232;30.374670;31.642481;
34.118732;19.985489;24.467018;17.864117;13.666227;0.653034;41.934036;27.021109;24.846966;2.539578;37.808708;13.935356;30.130608;30.605541;39.112137;9.612137;10.992085;25.025066;31.142481;13.846966;
36.117413;29.427441;20.155672;7.134565;14.932717;6.286280;30.601583;29.203167;29.398417;35.724274;32.878628;33.700527;40.435356;12.869393;35.304749;28.366755;34.810028;12.310026;33.658310;37.292877;
14.060686;2.510554;8.748021;5.519789;26.742744;35.496040;11.215039;3.959103;34.573879;26.948549;5.277045;33.519791;29.959103;35.897099;29.337730;2.562005;22.546175;29.451187;42.605541;41.167545;
9.659631;41.753300;15.629288;40.391819;23.817942;15.201847;22.944592;6.554090;26.332455;16.994722;31.182058;32.273087;42.812664;32.556728;5.386544;4.515831;6.939314;28.923483;26.915567;12.824538;
10.970976;8.395779;8.166227;21.728231;40.263851;10.620052;37.592350;29.902374;19.951187;42.802113;32.464378;14.956465;29.216358;25.894459;35.416885;21.839050;41.477573;39.069920;5.170185;39.571239;
40.215038;42.496040;5.176781;24.302111;41.664909;9.183377;29.638523;16.002638;9.530343;34.959103;24.799473;15.109499;14.286280;17.250660;36.653034;41.974934;17.018469;27.992085;5.457784;2.200528;
19.441952;20.259895;2.762533;40.079155;3.266491;37.215038;42.311344;8.953826;11.484169;38.465698;1.114776;37.593666;10.903694;36.901054;35.737469;0.050132;18.187336;6.956464;41.532982;41.002640;
42.250660;41.201847;9.646438;7.278364;22.703167;0.077836;2.474934;24.022427;8.823219;39.473614;2.895778;22.981531;23.857519;7.344327;0.667546;29.075197;32.084435;1.845646;9.345647;6.981530;
15.369393;38.984169;31.263853;36.428761;14.696570;41.505276;9.775725;6.977572;13.717678;42.350922;2.453826;33.258575;38.535622;42.007915;9.204486;3.357520;4.949868;18.269129;34.865437;23.269129;
33.207123;3.282322;36.375988;40.415565;26.580475;34.713718;31.467018;20.117414;11.955145;25.593668;18.980211;38.730869;38.746700;8.129288;30.996042;24.608179;10.357520;17.905014;10.089710;23.647757;
16.912930;30.522427;4.821900;28.916887;30.437994;38.482849;30.955145;34.936676;6.757256;31.899736;5.034301;4.602902;33.402374;14.079156;5.646438;20.232189;11.536940;31.709763;15.339050;4.098945;
24.240105;4.868074;3.720317;14.881267;14.543535;28.232189;23.498680;29.832455;12.039577;20.905014;12.753298;2.961741;6.968338;1.453826;12.722955;16.843008;18.939314;38.492085;18.889181;21.476254;
21.171503;29.412930;1.687335;15.316623;8.025066;0.357520;6.337731;32.184696;39.656994;42.501320;3.502639;11.087071;32.770447;15.754618;5.500000;36.593666;39.153034;37.079155;33.308708;32.526386;
2.824538;25.608179;16.804749;1.833773;40.087070;13.501319;34.820580;25.079155;17.179420;13.420844;26.419525;29.689974;31.778364;27.621372;28.424803;12.188654;11.080475;27.056728;27.356201;33.897099;
32.721638;9.937995;5.299472;23.868074;13.535620;11.403694;2.753298;6.444591;26.589710;0.820580;43.087070;9.058047;21.182058;13.874670;1.019789;8.287599;33.323219;23.696569;37.902374;34.386543;
7.228232;27.872032;0.238786;14.162270;12.711082;28.477573;3.737467;34.408970;22.273087;36.184696;37.346966;0.556728;32.748020;34.926121;31.420845;21.175461;41.142479;38.179420;40.116096;17.488127;
11.100264;0.439314;36.843006;18.204485;31.281002;17.544855;10.370712;27.905014;23.964380;17.444592;33.335091;21.470976;26.539577;23.511873;39.691292;33.500000;15.104221;19.072559;20.383905;30.651714;
33.465698;19.728231;27.919525;11.372031;29.065964;30.597626;7.448549;20.920845;29.439314;19.511873;12.269130;7.423483;17.478891;15.597626;43.168865;28.228231;9.448549;31.984169;26.335093;40.602901;
39.841690;8.518470;33.835091;2.217678;38.270447;35.224274;7.713720;34.183376;37.407650;14.869393;42.787598;32.000000;5.449868;19.662270;13.646438;33.426121;1.550132;24.907652;33.236149;36.960423;
34.117413;15.273088;9.775725;17.970976;17.829815;11.097626;5.546174;3.340369;30.629288;16.085752;10.125330;0.627968;12.869393;39.059368;10.241425;31.684696;17.736147;18.183378;6.349604;23.485489;
25.381266;16.470976;36.720318;22.250660;40.864117;41.485489;32.072559;8.131927;7.073879;30.955145;37.068600;35.869392;36.572559;5.633245;16.478891;21.955145;18.031662;23.339050;41.728233;33.387863;
9.007915;21.955145;32.381268;9.478891;38.428761;6.663589;21.204485;31.193932;38.865437;20.781002;30.926121;26.238787;1.792876;9.614776;12.536940;24.382586;38.358841;10.992085;14.013192;24.154354;
6.600264;3.748021;35.038258;23.401056;30.353561;20.745382;39.186016;9.759894;14.506597;30.634565;11.440633;31.248020;0.616095;21.993404;13.787599;13.299472;29.518469;10.209763;40.265171;4.470976;
14.832454;11.703166;13.274406;41.609497;23.178101;8.415567;25.170185;14.089710;38.427441;33.649078;42.941952;14.803430;38.091030;13.122691;1.365435;1.253298;21.172823;11.058047;21.209763;32.563324;
37.449867;39.666225;35.135883;35.431400;30.415567;38.584435;27.686016;19.021109;19.374670;4.031662;42.313984;37.645119;0.653034;9.620052;37.878628;43.097626;6.932718;12.122691;1.217678;6.241425;
7.266491;5.529024;9.147758;17.407652;0.362797;27.594986;41.303429;10.302111;26.895779;20.233509;15.288918;29.412930;21.142481;42.251980;18.472296;37.167545;5.833773;14.410290;40.693932;7.912929;
31.775726;14.060686;3.594987;39.879948;20.277044;39.955147;39.273087;21.761213;33.910290;5.125330;41.544853;11.655673;9.689974;2.381267;42.035622;0.399736;42.156994;0.823219;2.083113;0.912929;
34.321899;12.228232;10.671504;0.154354;20.093668;15.352242;41.374672;23.634565;19.378628;28.596306;42.393139;22.032982;37.813984;8.138522;31.390501;2.741425;23.349604;5.201847;18.186016;29.456465;
2.591029;0.184697;32.218998;37.097626;36.207123;20.245382;34.596306;36.233509;0.147757;1.292876;34.890503;5.854881;42.405014;0.986807;19.564644;5.416886;36.130608;7.529024;12.203166;21.184696;
2.798153;37.329815;2.102902;34.540897;42.356201;25.704485;18.184696;0.204485;14.903694;30.750660;41.539577;5.905013;18.145119;38.430080;33.577835;42.051453;3.031662;18.688654;32.477573;42.007915;
4.160950;39.399734;32.887863;10.616095;19.027704;7.203166;33.919525;36.939316;18.394459;9.249340;13.584433;8.889182;29.683378;3.555409;41.798153;36.159630;40.808708;4.882586;30.732189;15.729551;
12.134564;32.602901;26.304749;38.085751;3.372032;16.441952;20.852243;25.175461;11.448549;7.265172;17.831135;38.840370;1.647757;24.220316;20.274406;39.862797;30.693932;15.098945;25.415567;17.559366;
36.254616;39.353561;43.039577;4.997362;12.870712;26.663588;3.811346;35.174141;19.125330;41.849606;7.451187;28.725594;1.162269;19.972296;42.108181;14.387863;1.299472;32.087070;13.852242;24.306068;
1.988127;2.279683;39.006596;22.183378;17.062006;22.889181;22.602901;27.745382;26.373350;15.653034;31.935356;17.366755;19.939314;15.361478;12.980211;23.703167;7.039578;39.875988;12.816623;14.203166;
40.262531;1.778364;17.798153;14.550132;23.496042;8.825857;8.622691;13.683377;2.270448;38.687336;33.737469;29.997362;13.794195;26.791557;37.629288;5.048813;22.171503;1.220317;23.544855;34.056728;
10.424802;6.594987;27.861477;37.555408;19.908972;12.850924;10.085752;31.919525;35.799473;26.403694;0.308707;16.654354;28.027704;37.585751;2.890501;30.963060;3.114776;21.889181;41.403694;2.715039;
30.401056;17.928761;16.562006;28.751980;11.709763;24.158312;21.518469;18.011873;22.517151;39.858841;8.125330;28.069921;42.594986;35.638523;10.544855;10.419525;33.935356;6.080475;35.930080;35.737469;
5.228232;19.436676;7.205805;17.039577;26.465700;27.955145;34.887863;1.989446;5.844327;2.178100;19.597626;9.018470;13.893140;23.100264;29.418205;3.018470;15.969657;30.949867;21.461740;22.750660;
14.183377;31.670185;5.948549;18.241425;21.870712;27.565964;0.303430;15.505277;7.104222;40.906334;6.976254;37.192612;6.484169;15.692612;10.931398;7.432718;26.931398;9.622691;14.379948;20.511873;
23.209763;29.155672;18.232189;34.461742;1.176781;6.170185;11.059367;17.649076;15.733509;4.031662;4.750659;41.736149;27.027704;27.577837;4.738786;8.970976;32.316624;0.372032;40.419525;20.232189;
4.737467;18.638523;13.959103;34.269131;13.191293;18.646439;11.875990;40.700527;11.324538;4.469657;16.228231;2.448549;15.664907;16.120052;5.614776;12.017150;31.229551;33.935356;31.279684;3.759894;
12.320580;36.711082;4.874670;28.539577;38.221638;20.415567;36.803429;0.606860;40.463062;22.035620;24.221636;9.583114;39.467018;41.873352;19.273087;20.898417;11.133245;38.523746;33.397099;14.352242;
38.546173;19.511873;30.184696;32.579155;42.282322;12.811346;16.246702;21.905014;3.882586;28.642481;31.536940;18.098944;19.208443;12.906332;35.056728;40.755936;15.481530;31.385223;6.109499;32.675461;
