28508880100
30469015872
70305964900
72823896608
25879101072
98765182344
27251597688
61339568160
65105313528
84015299968
77610190904
70407252640
33052332504
52814993392
92359624400
86059660828
14294958340
35879349264
79260352584
16770305024
52126027256
67039430848
49864431136
60089581280
21878484844
23106195960
62908955896
15657817400
58859039168
94390260584
30863828376
21511534840
12214930572
62171309124
38854960464
74355888168
15029131600
49297628408
79902696240
40466692672
28340114400
43334334208
23232903520
68572789236
46978485040
63316548400
68677041328
12252686440
13738597664
29172648392
30611841408
84027169128
40613052000
16796696532
42880292388
23576222400
66292297600
99009586880
94102517804
65838908912
19628024284
44940982300
95896405244
52579820088
65328268880
11110860680
66592126872
75239538368
20847010864
58688904176
84129007732
40399263240
99980424340
49531717140
77815895180
22676676484
78567648404
42424428320
34622113200
56982722160
90243465300
80512794940
33353519600
49603095408
25101007332
39408934380
38496188208
95186458992
27404710120
44258218120
28317327296
61514218680
17348779200
90719027200
97011321900
53096420480
61705398144
72413906160
66998861708
91337097500
83696121656
25422412320
51886409320
32413977776
46575281532
25753262080
32921302200
25041126496
76771872464
98764351120
81454430368
75286216768
87460895620
28568862920
17104041700
81657187732
78590708760
89909342204
66432447580
34666378112
22776894912
79168722872
14494331096
56313531576
66997601792
12537193512
40810093632
49996019128
16165461992
21016570160
78329799828
52545273200
13550602632
39042666700
99034740272
79646476000
14510840420
14736139976
11211343640
88043511984
25775691104
40398903264
80697761264
81345453568
50105350976
95428790112
63484903132
50947254200
99847138736
41703941824
94357600300
47782552496
36318590840
99783049176
55064387104
26614903228
15348745712
86909595080
70571160560
95364502840
62056767956
41602505184
80837642352
19774152348
98728624216
75802896776
54366576440
10709523588
40694014936
46717462656
40936012808
59357799424
10128238320
64370446760
55131865632
36477172480
59378954884
31764525400
93143195784
34007865488
25546499960
17029391992
77951754072
78754708048
10422934380
48974003000
91994429824
82133016344
21663784960
44324241200
67994799672
60106979360
36594540000
43386661520
99173281544
98137323408
80121511584
44020967040
41011748984
20745438972
68992322080
57743000312
36764159292
52704565788
25534095480
77424091480
90386566552
31073025500
33989572112
39303460000
93745292364
61784487840
19470169704
71364934580
26848569808
77413035820
23576524560
48349610752
94793857620
24703563440
21905438400
32575388232
64133895728
93322530920
17278725204
48512107960
65868655836
50934889812
15559812000
62260103196
24820837980
79015468080
87380386208
19615226560
53509846244
82144362980
75129639544
62653609152
67578024748
76535232528
34809408184
43944742176
72027462576
63856306488
98761480032
98717946256
74220973668
73065532040
88627879700
33477185088
75855312992
43253766980
54483482000
10764095300
85744931224
40911287824
23358253824
95464361292
76206582716
77960902940
62074861440
62353115280
47405611216
83234957468
74983945100
40877829868
96933103520
55950279524
22849280032
60116950732
32266212096
81108913720
72468373424
51497797160
74691895688
49393631288
70533455968
94466085664
68613616368
60857059520
63267074736
74776367584
92664171556
44407895236
14950681956
90374097432
90703175936
64836888700
64229103400
20830395196
87292747320
33303814672
58237482560
51730794780
63943645112
65206727800
65348240248
28525847024
87881392760
16872194904
33565383844
31222327096
15729989264
24680030224
16363290396
26840031800
25885709920
66719030248
48374890960
82292640000
25099447152
18600708320
46819545888
62489103168
94655396248
34585237368
27634976832
81640633956
53062753344
50874562560
81439307776
71472913248
56717495412
94292792968
65565564128
81380460520
70010062096
28205933216
90128937496
74569870280
39670101020
40994788600
31797723468
98981057600
24472390532
44251818168
87513038300
13541924728
76417860080
98847634280
77196467340
77843412964
30671864320
64182276100
69700652800
57062133920
62531065580
54521528844
90311647952
35482452160
96288317752
30487329152
73098550120
74918653156
69473850880
67320640320
71813034048
53696603444
66069568868
38888554240
11187183452
90892733328
91150575640
49429991704
38906345280
18214755888
76375713320
28358267596
39411392320
49684951744
26343971648
37247932776
60899755532
57667161584
14743342244
81706999288
58384657000
96847582784
86865670240
14941653080
89073045904
92694432000
31755891664
93327204352
16425495248
68274473228
42935841760
13809442792
92091615184
89395446560
31506071944
60117599504
31508969760
74526371952
85084991776
10029622060
17025325344
81149767296
80561284404
60314285520
29911543896
16055758700
56914543868
31040898640
59433237800
94889436168
17596708240
50812390976
33019140976
64730785736
24478630400
31099859348
77002090080
16087598944
13693453000
10229532600
25067407016
53867518384
43052673960
59362245952
86159817080
69101533936
96556177784
52225841256
10574004768
27349498640
27590042960
81353307072
99776153712
65481172416
69027073220
30710933560
26838065296
40518331120
52015664008
27665832592
95182765400
41788271360
87763487172
35278223520
35623233472
81183541060
61777441012
31269085112
76423984600
97901361152
34744849840
58042322888
29468120040
21256532528
23896769720
20475654424
35812404160
70692897456
56260075808
39997444000
12842803156
46661453220
38634345240
81474357000
53740050496
23459625824
89143979652
87418161980
11693672576
88059769856
79944178684
62332577220
31980109396
27550662840
74180128812
30262589464
24313497728
80348513680
36473288000
75773167860
31864837376
34395091200
54863874140
72819378900
79306335296
86876088312
82933605928
79254623488
51010821520
88005347328
14202577588
47260098656
61823415004
24883076384
17866232900
78178429460
49946569728
18001958720
47088857008
64084528692
89468391548
78322835080
13612769856
17483858144
49622984696
65778872920
99051778376
99391852544
96253090720
36597131296
56053285064
36861544544
62520923508
38294068716
16284473952
57192921776
12910625832
33600977392
93939347560
60363250592
56892928060
36612722388
92965205392
30125499280
42162334728
43233531364
78667558416
85240206816
76499211900
41194161640
47109966120
90066432380
87740169392
76360486280
85292740560
80624715904
37921400800
42943299840
94512939408
34325228376
42899388080
99867792144
58430337552
20126786720
36000872336
54989966480
24462894768
75606575096
18937784868
80655880648
53172281008
79882900500
48048679184
93764932664
17795016612
93240325792
90437324680
51690929764
66395234140
34144575792
92389651400
24675816572
80180509636
32333859144
63863977824
76915107072
93847515776
72567394112
95729063904
82285573268
90781761116
77332041796
11518759988
28886677152
48274427904
41683903920
30281818512
94168402884
84717988600
55084129388
70141983620
72446521992
58052442876
94259288380
38862809608
35864780000
90737896272
13484917728
40362989548
24301413416
54572144896
89912540000
50342350888
12818376256
52795679800
11822882528
78270947928
39300615640
16364701392
97129269760
64172740528
49454336240
99966980024
82101424804
67310540236
42039586904
95747168288
11299764656
51962307760
31528514048
48860653032
21597819980
92842035416
99900001368
39963539344
66642469672
50974643272
83223046320
65534801632
21759601312
61223558180
97628058640
67421607608
96655443384
17174337576
50772165984
19183144696
39649043184
99466848580
90430935912
69654883344
31485487252
36383951500
30671426340
75424708944
41105349844
67285242020
36567890784
97880256400
63354715520
95017592920
19813339400
97676385840
35760559280
78276072704
25797822328
72180430752
18539152240
42902072640
95489263800
60907035520
70852661008
35744527744
42512511444
81369553760
45205097748
60767787660
34080617408
86716217848
79042095212
29209759848
97178250092
26170550240
40751910976
34750407952
73466406888
62301461288
30177490880
91935662752
99093565160
53110689480
54346018476
28907852800
94561615400
21076303992
45207246704
33104215296
98515751224
64765903676
64380858008
28373098928
87013720356
14674972780
89417553236
26374263180
34342610912
65551479760
48214282820
24938867920
61203309200
98825207436
51131011600
80267019500
52560175428
39892265524
72911955184
29362143608
91700625268
84945450760
42672068280
40294411188
38717366048
56624739140
91738116604
76093497280
89728778240
72114801200
63943280776
33246554324
40009201888
19186031328
80022392704
51483683600
24020597472
78633160144
26560126980
67057264444
29694495448
57713893440
25399547780
40152281056
44438542100
56352096584
23323240048
36535021888
58767576080
19262585648
43956333440
84966468504
88665544200
59279483136
47631904260
16422322000
91968260860
49249819088
63024512352
50483954704
32293645620
56648954680
94608744576
55379252244
59971820232
77234789900
45846250488
78760943556
76668200144
69844089480
42813751712
70845452200
47541336752
37692830088
63665473920
92586282064
97780168864
90893891260
89673257776
13379012192
51218274400
86997929088
76898133324
34974358688
65463407820
65116224648
90748067536
56739237752
27272935600
62788785720
38228908232
50767688368
39011364240
61822059360
32600957236
40547802328
22370822496
30860594848
77185075968
45056111960
69821447200
85123103544
23852698160
89976060688
33109330784
89502907348
25500423984
94106238124
12151643328
20449356180
50803659616
49113582212
18131584000
54304720380
12223779744
54104749560
37359786920
24027886464
33375393116
88800216820
36219165440
91650306732
78693600848
82195043672
72474793280
90543045584
78179600472
97696114760
12063867008
37467976664
64038261544
89739551928
20617860096
40123527620
71295787064
28083898520
75156228764
23461956948
68006237392
29795614100
58606068000
25792548936
70758798080
44881801512
52420416512
81665856632
55434043752
10288770920
32606259536
25494715360
93548430720
27466477560
41825127288
95204345760
41523453400
32721204848
98700290752
42790591552
60896768812
11139476400
15945502080
28778180320
37095562380
20926820512
96262195136
13898332592
78529730556
70237539800
25518093136
57975300064
86353516660
40070602528
83978279596
99698437384
33923651584
18449413776
81856076160
90226853992
86980669008
28295607040
23555264368
18578968160
80161180784
74327727868
16815256620
40171325756
83972961752
24537366384
47401882176
32327814808
93545361920
11212688384
23099593368
13269809056
93875029200
17143946240
20373366656
20092826428
19342977248
58304025416
47711085040
49730625472
33638433280
87362256992
11640790040
13447846080
47987174096
14149610508
19893698016
64902638244
90338699416
60171077640
61512798680
66555335300
79861729212
55673736944
64107233148
12580749372
74724136000
11467995036
37243028080
85883972368
85587869672
92275992448
70918123936
17289780864
55401092208
76156531176
27613589824
38965136900
47774196656
16579163472
48358013224
32857224108
13731190860
37284210828
90948353880
62019874400
79551352872
40663719044
37391431632
89671093560
24801962368
77431578184
48577297352
67602027032
90320903732
37018374832
82828642604
83952157264
40835262852
39780875520
86392692812
64510772368
17954722632
48187993864
30825112288
66361478100
19095452920
23732499360
72130257040
44243927036
73387061664
66726854844
42565356352
64194720672
68969639424
80347064488
53957132496
11365185312
42994986816
51865835812
96476466044
52845509080
42277916016
39974595004
26122107692
52087044456
55902692464
82028719800
26927705852
18335981728
16752502800
40464001572
98569178368
99052522592
76336506080
87281458500
17002867128
96570655680
12691024000
14423541888
68681919296
75872793152
51064559828
17423179920
82952563904
72957171312
69617667440
67618291728
21753879040
24256428552
95606851684
49288266000
46738803032
53608729500
84853280800
43801789540
46418713312
90375253184
65767579456
56550427040
89327437072
67665567624
41049247144
39850362824
32804330104
93484032460
64154324980
37688369912
74855043848
17337263760
24598224880
54864936344
72943888692
29791778432
46904453300
